# Morphing          RmsdI RmsdF  RmsdINCAC  RmsdFNCAC  N_res N_dh  RmsdD delta0 Motion RmsdA0 RmsdA	 1
#------------------------------------------------------------------	------ 
DHV01_3iu1B1_ali_3iu2A2_aF2  4.29 1.48  3.35 0.46 0.64 0.65 0.21 0.10   	3iu1B1 10
DHV01_3iu1B1_ali_3iweA2_aF2  4.40 1.49  3.53 0.54 0.67 0.66 0.18 0.14   	3iu1B1 10
DHV01_3iu1B1_ali_3jtkA2_aF2  4.49 1.53  3.60 0.53 0.67 0.66 0.29 0.15   	3iu1B1 10
DHV01_3iu2A2_ali_3iu1B1_aF2  4.29 1.53  3.35 0.73 0.67 0.64 0.21 0.10   	3iu2A2 10
DHV01_3iu2A2_ali_3iweA2_aF2  0.76 0.64  0.42 0.22 0.50 0.16 0.15 0.10   	3iu2A2 10
DHV01_3iu2A2_ali_3jtkA2_aF2  0.72 0.49  0.52 0.23 0.70 0.32 0.19 0.11   	3iu2A2 10
DHV01_3iweA2_ali_3iu1B1_aF2  4.40 1.59  3.53 0.90 0.68 0.64 0.18 0.14   	3iweA2 10
DHV01_3iweA2_ali_3iu2A2_aF2  0.76 0.68  0.42 0.30 0.45 0.10 0.15 0.10   	3iweA2 10
DHV01_3iweA2_ali_3jtkA2_aF2  0.70 0.64  0.21 0.12 0.41 0.09 0.16 0.05   	3iweA2 10
DHV01_3jtkA2_ali_3iu1B1_aF2  4.49 1.62  3.60 0.86 0.68 0.64 0.29 0.15   	3jtkA2 10
DHV01_3jtkA2_ali_3iu2A2_aF2  0.72 0.60  0.52 0.37 0.63 0.18 0.19 0.11   	3jtkA2 10
DHV01_3jtkA2_ali_3iweA2_aF2  0.70 0.64  0.21 0.12 0.42 0.09 0.16 0.05   	3jtkA2 10
DHV02_4hidA1_ali_4hikA1_aF2  1.94 1.49  0.84 0.62 0.67 0.23 0.40 0.34   	4hidA1 10
DHV02_4hidA1_ali_4himA1_aF2  1.96 1.53  0.87 0.63 0.66 0.22 0.33 0.25   	4hidA1 10
DHV02_4hidA1_ali_4hioA1_aF2  0.98 0.81  0.52 0.18 0.56 0.17 0.18 0.09   	4hidA1 10
DHV02_4hidA1_ali_4hj7A2_aF2  3.43 1.61  2.31 0.86 0.63 0.53 0.48 0.23   	4hidA1 10
DHV02_4hidA1_ali_4hj9A1_aF2  1.63 1.28  0.75 0.45 0.67 0.22 0.37 0.27   	4hidA1 10
DHV02_4hikA1_ali_4hidA1_aF2  1.94 1.37  0.84 0.62 0.68 0.30 0.40 0.34   	4hikA1 10
DHV02_4hikA1_ali_4himA1_aF2  0.27 0.18  0.20 0.11 0.74 0.33 0.16 0.14   	4hikA1 10
DHV02_4hikA1_ali_4hioA1_aF2  1.91 1.25  0.66 0.54 0.73 0.35 0.32 0.27   	4hikA1 10
DHV02_4hikA1_ali_4hj7A2_aF2  3.23 1.51  2.47 0.92 0.56 0.53 0.49 0.16   	4hikA1 10
DHV02_4hikA1_ali_4hj9A1_aF2  0.93 0.77  0.20 0.30 0.58 0.18 0.16 0.10   	4hikA1 10
DHV02_4himA1_ali_4hidA1_aF2  1.96 1.39  0.87 0.63 0.69 0.29 0.33 0.25   	4himA1 10
DHV02_4himA1_ali_4hikA1_aF2  0.27 0.18  0.20 0.11 0.73 0.33 0.16 0.14   	4himA1 10
DHV02_4himA1_ali_4hioA1_aF2  1.89 1.27  0.59 0.55 0.72 0.33 0.25 0.18   	4himA1 10
DHV02_4himA1_ali_4hj7A2_aF2  3.30 1.51  2.57 0.92 0.60 0.54 0.47 0.12   	4himA1 10
DHV02_4himA1_ali_4hj9A1_aF2  0.94 0.77  0.27 0.30 0.60 0.19 0.13 0.07   	4himA1 10
DHV02_4hioA1_ali_4hidA1_aF2  0.98 0.81  0.52 0.19 0.55 0.18 0.18 0.09   	4hioA1 10
DHV02_4hioA1_ali_4hikA1_aF2  1.91 1.31  0.66 0.55 0.71 0.31 0.32 0.27   	4hioA1 10
DHV02_4hioA1_ali_4himA1_aF2  1.89 1.36  0.59 0.57 0.69 0.28 0.25 0.18   	4hioA1 10
DHV02_4hioA1_ali_4hj7A2_aF2  3.58 1.55  2.52 0.89 0.65 0.57 0.42 0.18   	4hioA1 10
DHV02_4hioA1_ali_4hj9A1_aF2  1.60 1.20  0.59 0.35 0.68 0.25 0.27 0.20   	4hioA1 10
DHV02_4hj7A2_ali_4hidA1_aF2  3.43 1.51  2.31 0.69 0.54 0.56 0.48 0.23   	4hj7A2 10
DHV02_4hj7A2_ali_4hikA1_aF2  3.23 1.61  2.47 0.81 0.44 0.50 0.49 0.16   	4hj7A2 10
DHV02_4hj7A2_ali_4himA1_aF2  3.30 1.62  2.57 0.83 0.47 0.51 0.47 0.12   	4hj7A2 10
DHV02_4hj7A2_ali_4hioA1_aF2  3.58 1.44  2.52 0.64 0.59 0.60 0.42 0.18   	4hj7A2 10
DHV02_4hj7A2_ali_4hj9A1_aF2  3.23 1.43  2.40 0.68 0.50 0.56 0.39 0.13   	4hj7A2 10
DHV02_4hj9A1_ali_4hidA1_aF2  1.63 1.21  0.75 0.50 0.65 0.26 0.37 0.27   	4hj9A1 10
DHV02_4hj9A1_ali_4hikA1_aF2  0.93 0.76  0.20 0.30 0.55 0.18 0.16 0.10   	4hj9A1 10
DHV02_4hj9A1_ali_4himA1_aF2  0.94 0.76  0.27 0.32 0.55 0.19 0.13 0.07   	4hj9A1 10
DHV02_4hj9A1_ali_4hioA1_aF2  1.60 1.16  0.59 0.39 0.66 0.27 0.27 0.20   	4hj9A1 10
DHV02_4hj9A1_ali_4hj7A2_aF2  3.23 1.40  2.40 0.83 0.59 0.57 0.39 0.12   	4hj9A1 10
DHV03_4kfrB1_ali_4kfuA2_aF2  6.96 1.99  5.15 1.15 0.83 0.71 1.03 0.50   	4kfrB1 10
DHV03_4kfuA2_ali_4kfrB1_aF2  6.96 1.81  5.15 0.81 0.81 0.74 1.03 0.50   	4kfuA2 10
DHV04_3waeA1_ali_3wafB2_aF2  4.15 1.88  3.26 1.12 0.79 0.55 0.54 0.23   	3waeA1 10
DHV04_3wafB2_ali_3waeA1_aF2  4.15 1.98  3.26 1.18 0.80 0.52 0.54 0.23   	3wafB2 10
DHV05_3mp6A1_ali_3mp8A2_aF2  5.23 2.56  4.95 1.71 0.78 0.51 0.47 0.27   	3mp6A1 10
DHV05_3mp8A2_ali_3mp6A1_aF2  5.23 1.99  4.95 1.28 0.76 0.62 0.47 0.27   	3mp8A2 10
DHV06_1xbbA1_ali_4fyoA2_aF2  2.70 1.16  2.18 0.56 0.80 0.57 0.86 0.28   	1xbbA1 11
DHV06_1xbbA1_ali_4i0sA2_aF2  2.86 1.10  2.38 0.53 0.80 0.62 1.10 0.28   	1xbbA1 11
DHV06_1xbbA1_ali_4i0tA2_aF2  3.13 2.29  1.92 1.14 0.36 0.27 0.82 0.41   	1xbbA1 11
DHV06_4fyoA2_ali_1xbbA1_aF2  2.70 1.32  2.18 0.69 0.81 0.51 0.86 0.28   	4fyoA2 11
DHV06_4fyoA2_ali_4i0sA2_aF2  1.39 1.12  0.79 0.43 0.59 0.19 0.33 0.06   	4fyoA2 11
DHV06_4fyoA2_ali_4i0tA2_aF2  2.93 1.16  1.72 0.85 0.73 0.61 0.49 0.23   	4fyoA2 11
DHV06_4i0sA2_ali_1xbbA1_aF2  2.86 1.03  2.38 0.37 0.81 0.64 1.10 0.28   	4i0sA2 11
DHV06_4i0sA2_ali_4fyoA2_aF2  1.39 1.08  0.79 0.43 0.59 0.23 0.33 0.06   	4i0sA2 11
DHV06_4i0sA2_ali_4i0tA2_aF2  3.55 2.09  2.23 1.32 0.68 0.41 0.66 0.24   	4i0sA2 11
DHV06_4i0tA2_ali_1xbbA1_aF2  3.13 2.42  1.92 0.87 0.75 0.23 0.82 0.41   	4i0tA2 11
DHV06_4i0tA2_ali_4fyoA2_aF2  2.93 2.10  1.72 0.79 0.73 0.28 0.49 0.23   	4i0tA2 11
DHV06_4i0tA2_ali_4i0sA2_aF2  3.55 2.59  2.23 0.68 0.73 0.27 0.66 0.24   	4i0tA2 11
DHV07_3n4fA1_ali_3qpeD2_aF2  5.77 0.92  4.15 0.37 0.83 0.84 0.38 0.21   	3n4fA1 11
DHV07_3n4fA1_ali_3vccA2_aF2  5.71 0.95  4.10 0.41 0.83 0.83 0.49 0.23   	3n4fA1 11
DHV07_3qpeD2_ali_3n4fA1_aF2  5.77 0.94  4.15 0.56 0.83 0.84 0.38 0.21   	3qpeD2 11
DHV07_3qpeD2_ali_3vccA2_aF2  0.27 0.18  0.23 0.13 0.73 0.32 0.13 0.05   	3qpeD2 11
DHV07_3vccA2_ali_3n4fA1_aF2  5.71 0.96  4.10 0.57 0.82 0.83 0.49 0.23   	3vccA2 11
DHV07_3vccA2_ali_3qpeD2_aF2  0.27 0.18  0.23 0.13 0.71 0.33 0.13 0.05   	3vccA2 11
DHV08_2vovA1_ali_2voxA2_aF2  4.34 0.85  3.08 0.47 0.67 0.80 0.55 0.26   	2vovA1 11
DHV08_2voxA2_ali_2vovA1_aF2  4.34 0.88  3.08 0.55 0.73 0.80 0.55 0.26   	2voxA2 11
DHV09_2q9fA1_ali_3mdmA2_aF2  6.32 1.75  4.68 1.17 0.79 0.72 1.11 0.54   	2q9fA1 11
DHV09_3mdmA2_ali_2q9fA1_aF2  6.32 1.75  4.68 1.24 0.71 0.72 1.11 0.54   	3mdmA2 11
DHV10_3irsC1_ali_3k4wL2_aF2  4.95 1.38  4.20 0.79 0.85 0.72 0.83 0.36   	3irsC1 11
DHV10_3k4wL2_ali_3irsC1_aF2  4.95 1.40  4.20 0.76 0.88 0.72 0.83 0.36   	3k4wL2 11
DHV11_3gnoA1_ali_3gnpA1_aF2  5.12 0.96  4.32 0.46 0.77 0.81 0.19 0.07   	3gnoA1 12
DHV11_3gnoA1_ali_3gnrA2_aF2  0.74 0.66  0.17 0.23 0.45 0.11 0.10 0.03   	3gnoA1 12
DHV11_3gnpA1_ali_3gnoA1_aF2  5.12 1.10  4.32 0.50 0.77 0.78 0.19 0.07   	3gnpA1 12
DHV11_3gnpA1_ali_3gnrA2_aF2  4.99 1.13  4.29 0.45 0.78 0.77 0.24 0.08   	3gnpA1 12
DHV11_3gnrA2_ali_3gnoA1_aF2  0.74 0.66  0.17 0.22 0.45 0.11 0.10 0.03   	3gnrA2 12
DHV11_3gnrA2_ali_3gnpA1_aF2  4.99 1.09  4.29 0.52 0.78 0.78 0.24 0.08   	3gnrA2 12
DHV12_4fj7A1_ali_4fj9A1_aF2  0.40 0.38  0.09 0.07 0.27 0.04 0.06 0.04   	4fj7A1 12
DHV12_4fj7A1_ali_4fjjA1_aF2  0.56 0.52  0.20 0.06 0.34 0.06 0.09 0.02   	4fj7A1 12
DHV12_4fj7A1_ali_4fjlA1_aF2  1.67 0.77  0.99 0.26 0.83 0.54 0.33 0.17   	4fj7A1 12
DHV12_4fj7A1_ali_4fjnA2_aF2  7.65 2.01  6.65 0.97 0.91 0.74 0.23 0.15   	4fj7A1 12
DHV12_4fj7A1_ali_4fk2A1_aF2  0.58 0.56  0.20 0.09 0.29 0.04 0.14 0.10   	4fj7A1 12
DHV12_4fj7A1_ali_4fk4A1_aF2  1.20 0.69  0.48 0.18 0.75 0.42 0.19 0.07   	4fj7A1 12
DHV12_4fj7A1_ali_4m3tA1_aF2  1.77 0.99  0.30 0.49 0.74 0.44 0.10 0.03   	4fj7A1 12
DHV12_4fj7A1_ali_4m3yA1_aF2  0.99 0.64  0.42 0.15 0.70 0.35 0.14 0.09   	4fj7A1 12
DHV12_4fj7A1_ali_4m3zA1_aF2  1.71 0.94  0.39 0.50 0.74 0.45 0.11 0.04   	4fj7A1 12
DHV12_4fj7A1_ali_4m45A1_aF2  2.25 1.06  1.67 0.37 0.78 0.53 0.38 0.22   	4fj7A1 12
DHV12_4fj9A1_ali_4fj7A1_aF2  0.40 0.38  0.09 0.06 0.27 0.04 0.06 0.04   	4fj9A1 12
DHV12_4fj9A1_ali_4fjjA1_aF2  0.63 0.60  0.23 0.07 0.33 0.06 0.11 0.03   	4fj9A1 12
DHV12_4fj9A1_ali_4fjlA1_aF2  1.69 0.83  0.98 0.25 0.83 0.51 0.34 0.18   	4fj9A1 12
DHV12_4fj9A1_ali_4fjnA2_aF2  7.67 2.02  6.65 0.99 0.91 0.74 0.24 0.17   	4fj9A1 12
DHV12_4fj9A1_ali_4fk2A1_aF2  0.64 0.61  0.24 0.11 0.31 0.05 0.12 0.10   	4fj9A1 12
DHV12_4fj9A1_ali_4fk4A1_aF2  1.21 0.75  0.49 0.17 0.74 0.38 0.17 0.08   	4fj9A1 12
DHV12_4fj9A1_ali_4m3tA1_aF2  1.78 1.03  0.33 0.48 0.75 0.42 0.08 0.03   	4fj9A1 12
DHV12_4fj9A1_ali_4m3yA1_aF2  0.97 0.67  0.42 0.16 0.68 0.31 0.15 0.10   	4fj9A1 12
DHV12_4fj9A1_ali_4m3zA1_aF2  1.72 0.98  0.41 0.49 0.75 0.43 0.11 0.06   	4fj9A1 12
DHV12_4fj9A1_ali_4m45A1_aF2  2.23 1.01  1.68 0.39 0.79 0.55 0.39 0.24   	4fj9A1 12
DHV12_4fjjA1_ali_4fj7A1_aF2  0.56 0.52  0.20 0.06 0.34 0.06 0.09 0.02   	4fjjA1 12
DHV12_4fjjA1_ali_4fj9A1_aF2  0.63 0.60  0.23 0.07 0.32 0.05 0.11 0.03   	4fjjA1 12
DHV12_4fjjA1_ali_4fjlA1_aF2  1.49 0.60  0.87 0.25 0.85 0.60 0.30 0.17   	4fjjA1 12
DHV12_4fjjA1_ali_4fjnA2_aF2  7.82 2.03  6.82 1.02 0.91 0.74 0.23 0.15   	4fjjA1 12
DHV12_4fjjA1_ali_4fk2A1_aF2  0.30 0.17  0.25 0.07 0.82 0.44 0.18 0.09   	4fjjA1 12
DHV12_4fjjA1_ali_4fk4A1_aF2  1.05 0.48  0.40 0.19 0.82 0.54 0.19 0.07   	4fjjA1 12
DHV12_4fjjA1_ali_4m3tA1_aF2  1.78 1.02  0.31 0.48 0.75 0.43 0.13 0.04   	4fjjA1 12
DHV12_4fjjA1_ali_4m3yA1_aF2  0.79 0.37  0.33 0.16 0.82 0.53 0.16 0.09   	4fjjA1 12
DHV12_4fjjA1_ali_4m3zA1_aF2  1.71 0.90  0.28 0.53 0.75 0.48 0.12 0.04   	4fjjA1 12
DHV12_4fjjA1_ali_4m45A1_aF2  2.11 0.96  1.53 0.39 0.78 0.55 0.36 0.22   	4fjjA1 12
DHV12_4fjlA1_ali_4fj7A1_aF2  1.67 0.76  0.99 0.23 0.86 0.55 0.33 0.17   	4fjlA1 12
DHV12_4fjlA1_ali_4fj9A1_aF2  1.69 0.84  0.98 0.23 0.84 0.50 0.34 0.18   	4fjlA1 12
DHV12_4fjlA1_ali_4fjjA1_aF2  1.49 0.60  0.87 0.23 0.88 0.60 0.30 0.17   	4fjlA1 12
DHV12_4fjlA1_ali_4fjnA2_aF2  8.49 1.87  7.32 0.91 0.93 0.78 0.15 0.06   	4fjlA1 12
DHV12_4fjlA1_ali_4fk2A1_aF2  1.64 0.62  1.05 0.22 0.89 0.62 0.36 0.22   	4fjlA1 12
DHV12_4fjlA1_ali_4fk4A1_aF2  1.54 0.35  0.80 0.14 0.87 0.77 0.21 0.12   	4fjlA1 12
DHV12_4fjlA1_ali_4m3tA1_aF2  2.57 0.90  0.99 0.43 0.80 0.65 0.30 0.19   	4fjlA1 12
DHV12_4fjlA1_ali_4m3yA1_aF2  1.63 0.58  0.79 0.23 0.82 0.64 0.24 0.11   	4fjlA1 12
DHV12_4fjlA1_ali_4m3zA1_aF2  2.51 0.82  0.85 0.45 0.78 0.67 0.25 0.14   	4fjlA1 12
DHV12_4fjlA1_ali_4m45A1_aF2  2.20 0.93  1.13 0.35 0.64 0.58 0.12 0.07   	4fjlA1 12
DHV12_4fjnA2_ali_4fj7A1_aF2  7.65 1.87  6.65 0.89 0.92 0.75 0.23 0.15   	4fjnA2 12
DHV12_4fjnA2_ali_4fj9A1_aF2  7.67 1.92  6.65 0.89 0.92 0.75 0.24 0.17   	4fjnA2 12
DHV12_4fjnA2_ali_4fjjA1_aF2  7.82 1.92  6.82 0.92 0.92 0.75 0.23 0.15   	4fjnA2 12
DHV12_4fjnA2_ali_4fjlA1_aF2  8.49 1.73  7.32 0.92 0.92 0.80 0.15 0.06   	4fjnA2 12
DHV12_4fjnA2_ali_4fk2A1_aF2  7.65 1.92  6.65 0.92 0.92 0.75 0.27 0.21   	4fjnA2 12
DHV12_4fjnA2_ali_4fk4A1_aF2  8.02 1.78  6.87 0.93 0.93 0.78 0.15 0.11   	4fjnA2 12
DHV12_4fjnA2_ali_4m3tA1_aF2  7.41 1.53  6.68 0.80 0.93 0.79 0.22 0.17   	4fjnA2 12
DHV12_4fjnA2_ali_4m3yA1_aF2  8.08 1.89  6.97 0.98 0.92 0.77 0.13 0.08   	4fjnA2 12
DHV12_4fjnA2_ali_4m3zA1_aF2  7.61 1.66  6.91 0.92 0.93 0.78 0.17 0.13   	4fjnA2 12
DHV12_4fjnA2_ali_4m45A1_aF2  9.05 1.93  8.06 1.03 0.92 0.79 0.18 0.08   	4fjnA2 12
DHV12_4fk2A1_ali_4fj7A1_aF2  0.58 0.56  0.20 0.09 0.28 0.04 0.14 0.10   	4fk2A1 12
DHV12_4fk2A1_ali_4fj9A1_aF2  0.64 0.61  0.24 0.11 0.30 0.05 0.12 0.10   	4fk2A1 12
DHV12_4fk2A1_ali_4fjjA1_aF2  0.30 0.17  0.25 0.08 0.82 0.43 0.18 0.09   	4fk2A1 12
DHV12_4fk2A1_ali_4fjlA1_aF2  1.64 0.63  1.05 0.25 0.87 0.62 0.36 0.22   	4fk2A1 12
DHV12_4fk2A1_ali_4fjnA2_aF2  7.65 2.00  6.65 1.02 0.90 0.74 0.27 0.21   	4fk2A1 12
DHV12_4fk2A1_ali_4fk4A1_aF2  1.10 0.49  0.45 0.18 0.80 0.55 0.18 0.13   	4fk2A1 12
DHV12_4fk2A1_ali_4m3tA1_aF2  1.75 1.03  0.27 0.53 0.70 0.41 0.12 0.09   	4fk2A1 12
DHV12_4fk2A1_ali_4m3yA1_aF2  0.89 0.35  0.50 0.15 0.84 0.60 0.20 0.14   	4fk2A1 12
DHV12_4fk2A1_ali_4m3zA1_aF2  1.70 0.88  0.38 0.54 0.72 0.48 0.18 0.12   	4fk2A1 12
DHV12_4fk2A1_ali_4m45A1_aF2  2.27 0.97  1.74 0.39 0.79 0.57 0.42 0.27   	4fk2A1 12
DHV12_4fk4A1_ali_4fj7A1_aF2  1.20 0.69  0.48 0.23 0.74 0.43 0.19 0.07   	4fk4A1 12
DHV12_4fk4A1_ali_4fj9A1_aF2  1.21 0.76  0.49 0.24 0.72 0.37 0.17 0.08   	4fk4A1 12
DHV12_4fk4A1_ali_4fjjA1_aF2  1.05 0.49  0.40 0.23 0.81 0.54 0.19 0.07   	4fk4A1 12
DHV12_4fk4A1_ali_4fjlA1_aF2  1.54 0.37  0.80 0.16 0.89 0.76 0.21 0.12   	4fk4A1 12
DHV12_4fk4A1_ali_4fjnA2_aF2  8.02 1.88  6.87 0.90 0.92 0.77 0.15 0.11   	4fk4A1 12
DHV12_4fk4A1_ali_4fk2A1_aF2  1.10 0.50  0.45 0.20 0.81 0.54 0.18 0.13   	4fk4A1 12
DHV12_4fk4A1_ali_4m3tA1_aF2  1.35 0.85  0.30 0.46 0.75 0.37 0.13 0.08   	4fk4A1 12
DHV12_4fk4A1_ali_4m3yA1_aF2  0.74 0.47  0.44 0.20 0.74 0.36 0.14 0.06   	4fk4A1 12
DHV12_4fk4A1_ali_4m3zA1_aF2  1.30 0.77  0.27 0.47 0.78 0.40 0.13 0.06   	4fk4A1 12
DHV12_4fk4A1_ali_4m45A1_aF2  1.86 0.96  1.52 0.43 0.79 0.48 0.29 0.17   	4fk4A1 12
DHV12_4m3tA1_ali_4fj7A1_aF2  1.77 0.83  0.30 0.33 0.69 0.53 0.10 0.03   	4m3tA1 12
DHV12_4m3tA1_ali_4fj9A1_aF2  1.78 0.88  0.33 0.33 0.69 0.50 0.08 0.03   	4m3tA1 12
DHV12_4m3tA1_ali_4fjjA1_aF2  1.78 0.86  0.31 0.36 0.69 0.52 0.13 0.04   	4m3tA1 12
DHV12_4m3tA1_ali_4fjlA1_aF2  2.57 0.86  0.99 0.43 0.75 0.67 0.30 0.19   	4m3tA1 12
DHV12_4m3tA1_ali_4fjnA2_aF2  7.41 1.69  6.68 0.87 0.92 0.77 0.22 0.17   	4m3tA1 12
DHV12_4m3tA1_ali_4fk2A1_aF2  1.75 0.89  0.27 0.36 0.66 0.49 0.12 0.09   	4m3tA1 12
DHV12_4m3tA1_ali_4fk4A1_aF2  1.35 0.82  0.30 0.43 0.71 0.39 0.13 0.08   	4m3tA1 12
DHV12_4m3tA1_ali_4m3yA1_aF2  1.56 0.90  0.46 0.42 0.75 0.42 0.13 0.10   	4m3tA1 12
DHV12_4m3tA1_ali_4m3zA1_aF2  0.64 0.57  0.27 0.09 0.45 0.11 0.09 0.06   	4m3tA1 12
DHV12_4m3tA1_ali_4m45A1_aF2  2.35 1.16  1.66 0.43 0.83 0.51 0.36 0.24   	4m3tA1 12
DHV12_4m3yA1_ali_4fj7A1_aF2  0.99 0.65  0.42 0.18 0.66 0.34 0.14 0.09   	4m3yA1 12
DHV12_4m3yA1_ali_4fj9A1_aF2  0.97 0.68  0.42 0.18 0.64 0.30 0.15 0.10   	4m3yA1 12
DHV12_4m3yA1_ali_4fjjA1_aF2  0.79 0.39  0.33 0.18 0.75 0.50 0.16 0.09   	4m3yA1 12
DHV12_4m3yA1_ali_4fjlA1_aF2  1.63 0.55  0.79 0.20 0.81 0.66 0.24 0.11   	4m3yA1 12
DHV12_4m3yA1_ali_4fjnA2_aF2  8.08 1.98  6.97 1.00 0.92 0.75 0.13 0.08   	4m3yA1 12
DHV12_4m3yA1_ali_4fk2A1_aF2  0.89 0.38  0.50 0.19 0.80 0.58 0.20 0.14   	4m3yA1 12
DHV12_4m3yA1_ali_4fk4A1_aF2  0.74 0.48  0.44 0.21 0.73 0.35 0.14 0.06   	4m3yA1 12
DHV12_4m3yA1_ali_4m3tA1_aF2  1.56 0.99  0.46 0.51 0.76 0.37 0.13 0.10   	4m3yA1 12
DHV12_4m3yA1_ali_4m3zA1_aF2  1.42 0.87  0.30 0.55 0.81 0.39 0.08 0.07   	4m3yA1 12
DHV12_4m3yA1_ali_4m45A1_aF2  1.70 0.95  1.32 0.40 0.82 0.44 0.28 0.15   	4m3yA1 12
DHV12_4m3zA1_ali_4fj7A1_aF2  1.71 0.80  0.39 0.35 0.68 0.53 0.11 0.04   	4m3zA1 12
DHV12_4m3zA1_ali_4fj9A1_aF2  1.72 0.85  0.41 0.36 0.68 0.50 0.11 0.06   	4m3zA1 12
DHV12_4m3zA1_ali_4fjjA1_aF2  1.71 0.75  0.28 0.35 0.69 0.56 0.12 0.04   	4m3zA1 12
DHV12_4m3zA1_ali_4fjlA1_aF2  2.51 0.79  0.85 0.43 0.73 0.68 0.25 0.14   	4m3zA1 12
DHV12_4m3zA1_ali_4fjnA2_aF2  7.61 1.72  6.91 0.87 0.92 0.77 0.17 0.13   	4m3zA1 12
DHV12_4m3zA1_ali_4fk2A1_aF2  1.70 0.77  0.38 0.34 0.67 0.54 0.18 0.12   	4m3zA1 12
DHV12_4m3zA1_ali_4fk4A1_aF2  1.30 0.76  0.27 0.47 0.71 0.42 0.13 0.06   	4m3zA1 12
DHV12_4m3zA1_ali_4m3tA1_aF2  0.64 0.57  0.27 0.09 0.45 0.11 0.09 0.06   	4m3zA1 12
DHV12_4m3zA1_ali_4m3yA1_aF2  1.42 0.72  0.30 0.42 0.76 0.49 0.08 0.07   	4m3zA1 12
DHV12_4m3zA1_ali_4m45A1_aF2  2.14 1.00  1.44 0.51 0.85 0.53 0.31 0.19   	4m3zA1 12
DHV12_4m45A1_ali_4fj7A1_aF2  2.25 1.04  1.67 0.45 0.81 0.54 0.38 0.22   	4m45A1 12
DHV12_4m45A1_ali_4fj9A1_aF2  2.23 0.99  1.68 0.46 0.82 0.56 0.39 0.24   	4m45A1 12
DHV12_4m45A1_ali_4fjjA1_aF2  2.11 0.94  1.53 0.44 0.81 0.55 0.36 0.22   	4m45A1 12
DHV12_4m45A1_ali_4fjlA1_aF2  2.20 0.98  1.13 0.42 0.64 0.56 0.12 0.07   	4m45A1 12
DHV12_4m45A1_ali_4fjnA2_aF2  9.05 1.99  8.06 0.96 0.93 0.78 0.18 0.08   	4m45A1 12
DHV12_4m45A1_ali_4fk2A1_aF2  2.27 0.95  1.74 0.47 0.83 0.58 0.42 0.27   	4m45A1 12
DHV12_4m45A1_ali_4fk4A1_aF2  1.86 1.01  1.52 0.52 0.81 0.46 0.29 0.17   	4m45A1 12
DHV12_4m45A1_ali_4m3tA1_aF2  2.35 1.15  1.66 0.45 0.86 0.51 0.36 0.24   	4m45A1 12
DHV12_4m45A1_ali_4m3yA1_aF2  1.70 0.89  1.32 0.45 0.82 0.48 0.28 0.15   	4m45A1 12
DHV12_4m45A1_ali_4m3zA1_aF2  2.14 0.99  1.44 0.48 0.88 0.54 0.31 0.19   	4m45A1 12
DHV13_2pa5A1_ali_4ge2A1_aF2  0.31 0.19  0.25 0.14 0.80 0.40 0.16 0.13   	2pa5A1 12
DHV13_2pa5A1_ali_4ge6B1_aF2  1.11 0.70  0.43 0.33 0.77 0.37 0.61 0.13   	2pa5A1 12
DHV13_2pa5A1_ali_4iczA2_aF2  4.16 1.04  3.17 0.59 0.92 0.75 0.58 0.30   	2pa5A1 12
DHV13_4ge2A1_ali_2pa5A1_aF2  0.31 0.18  0.25 0.14 0.80 0.41 0.16 0.13   	4ge2A1 12
DHV13_4ge2A1_ali_4ge6B1_aF2  1.30 0.76  0.62 0.40 0.80 0.42 0.67 0.22   	4ge2A1 12
DHV13_4ge2A1_ali_4iczA2_aF2  4.27 1.01  3.27 0.52 0.93 0.76 0.56 0.24   	4ge2A1 12
DHV13_4ge6B1_ali_2pa5A1_aF2  1.11 0.69  0.43 0.33 0.76 0.37 0.61 0.13   	4ge6B1 12
DHV13_4ge6B1_ali_4ge2A1_aF2  1.30 0.76  0.62 0.41 0.79 0.41 0.67 0.22   	4ge6B1 12
DHV13_4ge6B1_ali_4iczA2_aF2  3.97 1.33  3.08 0.62 0.90 0.67 0.47 0.36   	4ge6B1 12
DHV13_4iczA2_ali_2pa5A1_aF2  4.16 1.06  3.17 0.67 0.90 0.75 0.58 0.30   	4iczA2 12
DHV13_4iczA2_ali_4ge2A1_aF2  4.27 1.09  3.27 0.66 0.90 0.75 0.56 0.24   	4iczA2 12
DHV13_4iczA2_ali_4ge6B1_aF2  3.97 1.33  3.08 0.74 0.86 0.67 0.47 0.36   	4iczA2 12
DHV14_4jhxA1_ali_4kwtC2_aF2  3.25 1.08  2.77 0.42 0.71 0.67 1.02 0.14   	4jhxA1 12
DHV14_4kwtC2_ali_4jhxA1_aF2  3.25 0.95  2.77 0.43 0.70 0.71 1.02 0.14   	4kwtC2 12
DHV15_3agnA1_ali_3agoA2_aF2  7.55 1.29  7.05 0.68 0.73 0.83 0.32 0.12   	3agnA1 12
DHV15_3agnA1_ali_3ahwA3_aF2  7.05 1.33  5.98 0.75 0.79 0.81 0.74 0.43   	3agnA1 12
DHV15_3agoA2_ali_3agnA1_aF2  7.55 1.26  7.05 0.65 0.67 0.83 0.32 0.12   	3agoA2 12
DHV15_3agoA2_ali_3ahwA3_aF2  5.13 2.07  4.35 0.99 0.65 0.60 0.46 0.34   	3agoA2 12
DHV15_3ahwA3_ali_3agnA1_aF2  7.05 1.44  5.98 0.81 0.74 0.80 0.74 0.43   	3ahwA3 12
DHV15_3ahwA3_ali_3agoA2_aF2  5.13 1.15  4.35 0.84 0.62 0.78 0.46 0.34   	3ahwA3 12
DHV16_1a4uB1_ali_1b16B2_aF2  3.64 1.42  2.45 0.78 0.58 0.61 0.22 0.15   	1a4uB1 13
DHV16_1a4uB1_ali_1b2lA3_aF2  2.92 1.68  1.84 0.90 0.55 0.42 0.41 0.13   	1a4uB1 13
DHV16_1a4uB1_ali_1sbyB2_aF2  3.62 1.19  2.41 0.50 0.55 0.67 0.18 0.09   	1a4uB1 13
DHV16_1b16B2_ali_1a4uB1_aF2  3.64 1.27  2.45 0.67 0.57 0.65 0.22 0.15   	1b16B2 13
DHV16_1b16B2_ali_1b2lA3_aF2  4.16 1.47  3.31 0.65 0.71 0.65 0.26 0.07   	1b16B2 13
DHV16_1b16B2_ali_1sbyB2_aF2  1.44 1.03  0.49 0.45 0.69 0.28 0.13 0.08   	1b16B2 13
DHV16_1b2lA3_ali_1a4uB1_aF2  2.92 1.80  1.84 0.97 0.61 0.38 0.41 0.13   	1b2lA3 13
DHV16_1b2lA3_ali_1b16B2_aF2  4.16 1.48  3.31 0.77 0.70 0.64 0.26 0.07   	1b2lA3 13
DHV16_1b2lA3_ali_1sbyB2_aF2  3.84 1.28  3.21 0.49 0.71 0.67 0.27 0.06   	1b2lA3 13
DHV16_1sbyB2_ali_1a4uB1_aF2  3.62 1.17  2.41 0.51 0.54 0.68 0.18 0.09   	1sbyB2 13
DHV16_1sbyB2_ali_1b16B2_aF2  1.44 1.02  0.49 0.42 0.69 0.29 0.13 0.08   	1sbyB2 13
DHV16_1sbyB2_ali_1b2lA3_aF2  3.84 1.27  3.21 0.49 0.69 0.67 0.27 0.06   	1sbyB2 13
DHV17_3hszA1_ali_3ht0A2_aF2 12.25 1.99 10.69 1.24 0.82 0.84 0.33 0.22   	3hszA1 13
DHV17_3ht0A2_ali_3hszA1_aF2 12.25 2.86 10.69 1.66 0.81 0.77 0.33 0.22   	3ht0A2 13
DHV18_3m7wD1_ali_3oexB1_aF2  0.81 0.65  0.37 0.21 0.60 0.20 0.42 0.11   	3m7wD1 13
DHV18_3m7wD1_ali_4gfsA1_aF2  1.12 0.76  0.46 0.28 0.74 0.32 0.33 0.12   	3m7wD1 13
DHV18_3m7wD1_ali_4guiB2_aF2  4.61 0.81  3.73 0.42 0.77 0.82 0.68 0.14   	3m7wD1 13
DHV18_3m7wD1_ali_4gujB2_aF2  4.69 0.81  3.83 0.39 0.78 0.83 0.68 0.16   	3m7wD1 13
DHV18_3oexB1_ali_3m7wD1_aF2  0.81 0.64  0.37 0.23 0.61 0.21 0.42 0.11   	3oexB1 13
DHV18_3oexB1_ali_4gfsA1_aF2  1.13 0.70  0.26 0.42 0.75 0.38 0.34 0.13   	3oexB1 13
DHV18_3oexB1_ali_4guiB2_aF2  4.94 0.87  3.92 0.43 0.75 0.82 0.51 0.13   	3oexB1 13
DHV18_3oexB1_ali_4gujB2_aF2  5.01 0.92  4.04 0.44 0.76 0.82 0.50 0.10   	3oexB1 13
DHV18_4gfsA1_ali_3m7wD1_aF2  1.12 0.72  0.46 0.32 0.72 0.36 0.33 0.12   	4gfsA1 13
DHV18_4gfsA1_ali_3oexB1_aF2  1.13 0.69  0.26 0.39 0.74 0.39 0.34 0.13   	4gfsA1 13
DHV18_4gfsA1_ali_4guiB2_aF2  4.82 0.70  4.00 0.36 0.83 0.86 0.56 0.17   	4gfsA1 13
DHV18_4gfsA1_ali_4gujB2_aF2  4.96 0.94  4.12 0.44 0.83 0.81 0.56 0.18   	4gfsA1 13
DHV18_4guiB2_ali_3m7wD1_aF2  4.61 0.84  3.73 0.33 0.76 0.82 0.68 0.14   	4guiB2 13
DHV18_4guiB2_ali_3oexB1_aF2  4.94 0.89  3.92 0.39 0.76 0.82 0.51 0.13   	4guiB2 13
DHV18_4guiB2_ali_4gfsA1_aF2  4.82 1.27  4.00 0.98 0.82 0.74 0.56 0.17   	4guiB2 13
DHV18_4guiB2_ali_4gujB2_aF2  0.83 0.53  0.56 0.22 0.76 0.36 0.13 0.12   	4guiB2 13
DHV18_4gujB2_ali_3m7wD1_aF2  4.69 0.94  3.83 0.48 0.80 0.80 0.68 0.16   	4gujB2 13
DHV18_4gujB2_ali_3oexB1_aF2  5.01 0.94  4.04 0.38 0.79 0.81 0.50 0.10   	4gujB2 13
DHV18_4gujB2_ali_4gfsA1_aF2  4.96 1.43  4.12 1.04 0.84 0.71 0.56 0.18   	4gujB2 13
DHV18_4gujB2_ali_4guiB2_aF2  0.83 0.53  0.56 0.22 0.77 0.36 0.13 0.12   	4gujB2 13
DHV19_1dg3A1_ali_1f5nA2_aF2  6.23 1.84  5.30 0.88 0.84 0.70 0.81 0.32   	1dg3A1 13
DHV19_1f5nA2_ali_1dg3A1_aF2  6.23 2.25  5.30 1.33 0.84 0.64 0.81 0.32   	1f5nA2 13
DHV20_3phgA1_ali_3phhA2_aF2  3.87 1.24  3.27 0.66 0.75 0.68 0.40 0.10   	3phgA1 13
DHV20_3phhA2_ali_3phgA1_aF2  3.87 0.80  3.27 0.28 0.63 0.79 0.40 0.10   	3phhA2 13
DHV21_3d05A1_ali_3d06A2_aF2  5.49 0.90  4.38 0.49 0.68 0.84 0.12 0.07   	3d05A1 14
DHV21_3d06A2_ali_3d05A1_aF2  5.49 0.92  4.38 0.49 0.69 0.83 0.12 0.07   	3d06A2 14
DHV22_3v0dB1_ali_3v0fA2_aF2  7.12 1.70  6.69 1.04 0.79 0.76 0.20 0.10   	3v0dB1 14
DHV22_3v0dB1_ali_3v0gB1_aF2  2.25 1.34  1.06 0.59 0.67 0.41 0.24 0.18   	3v0dB1 14
DHV22_3v0dB1_ali_3v0hB3_aF2  8.69 1.76  8.91 1.07 0.87 0.80 0.43 0.25   	3v0dB1 14
DHV22_3v0fA2_ali_3v0dB1_aF2  7.12 1.56  6.69 0.99 0.81 0.78 0.20 0.10   	3v0fA2 14
DHV22_3v0fA2_ali_3v0gB1_aF2  7.90 1.74  7.11 0.96 0.76 0.78 0.34 0.23   	3v0fA2 14
DHV22_3v0fA2_ali_3v0hB3_aF2  9.53 2.13  8.88 1.27 0.87 0.78 0.40 0.28   	3v0fA2 14
DHV22_3v0gB1_ali_3v0dB1_aF2  2.25 1.62  1.06 0.58 0.65 0.28 0.24 0.18   	3v0gB1 14
DHV22_3v0gB1_ali_3v0fA2_aF2  7.90 2.02  7.11 1.07 0.75 0.74 0.34 0.23   	3v0gB1 14
DHV22_3v0gB1_ali_3v0hB3_aF2  8.67 2.26  8.72 1.08 0.85 0.74 0.33 0.13   	3v0gB1 14
DHV22_3v0hB3_ali_3v0dB1_aF2  8.69 2.06  8.91 1.20 0.85 0.76 0.43 0.25   	3v0hB3 14
DHV22_3v0hB3_ali_3v0fA2_aF2  9.53 2.14  8.88 1.14 0.87 0.78 0.40 0.28   	3v0hB3 14
DHV22_3v0hB3_ali_3v0gB1_aF2  8.67 1.62  8.72 0.88 0.85 0.81 0.33 0.13   	3v0hB3 14
DHV23_4mxrB1_ali_4myfA2_aF2  3.10 1.04  2.96 0.50 0.87 0.66 0.26 0.10   	4mxrB1 14
DHV23_4mxrB1_ali_4mykA2_aF2  3.53 1.43  2.79 0.65 0.86 0.59 0.25 0.13   	4mxrB1 14
DHV23_4mxrB1_ali_4mylA2_aF2  3.40 1.12  2.85 0.67 0.85 0.67 0.29 0.10   	4mxrB1 14
DHV23_4myfA2_ali_4mxrB1_aF2  3.10 1.11  2.96 0.60 0.88 0.64 0.26 0.10   	4myfA2 14
DHV23_4myfA2_ali_4mykA2_aF2  1.54 0.96  0.26 0.46 0.72 0.38 0.09 0.08   	4myfA2 14
DHV23_4myfA2_ali_4mylA2_aF2  1.29 0.94  0.24 0.56 0.66 0.27 0.11 0.04   	4myfA2 14
DHV23_4mykA2_ali_4mxrB1_aF2  3.53 1.35  2.79 0.63 0.88 0.62 0.25 0.13   	4mykA2 14
DHV23_4mykA2_ali_4myfA2_aF2  1.54 0.92  0.26 0.46 0.72 0.40 0.09 0.08   	4mykA2 14
DHV23_4mykA2_ali_4mylA2_aF2  1.80 1.20  0.31 0.73 0.62 0.33 0.14 0.08   	4mykA2 14
DHV23_4mylA2_ali_4mxrB1_aF2  3.40 1.28  2.85 0.69 0.88 0.62 0.29 0.10   	4mylA2 14
DHV23_4mylA2_ali_4myfA2_aF2  1.29 0.94  0.24 0.54 0.67 0.27 0.11 0.04   	4mylA2 14
DHV23_4mylA2_ali_4mykA2_aF2  1.80 1.30  0.31 0.68 0.60 0.28 0.14 0.08   	4mylA2 14
DHV24_2ce2X1_ali_2cl0X2_aF2  2.91 0.98  1.60 0.52 0.50 0.66 0.50 0.27   	2ce2X1 14
DHV24_2ce2X1_ali_2cl6X3_aF2  3.76 1.37  2.43 0.77 0.55 0.64 0.87 0.54   	2ce2X1 14
DHV24_2ce2X1_ali_2cl7X4_aF2  3.09 1.34  2.03 0.68 0.51 0.57 0.86 0.41   	2ce2X1 14
DHV24_2ce2X1_ali_2clcX4_aF2  3.06 1.38  1.90 0.73 0.48 0.55 0.85 0.41   	2ce2X1 14
DHV24_2ce2X1_ali_2evwX4_aF2  2.93 1.14  1.77 0.68 0.47 0.61 0.82 0.38   	2ce2X1 14
DHV24_2cl0X2_ali_2ce2X1_aF2  2.91 0.92  1.60 0.45 0.52 0.68 0.50 0.27   	2cl0X2 14
DHV24_2cl0X2_ali_2cl6X3_aF2  3.74 1.13  2.49 0.37 0.67 0.70 0.52 0.35   	2cl0X2 14
DHV24_2cl0X2_ali_2cl7X4_aF2  2.48 1.31  1.82 0.53 0.78 0.47 0.58 0.24   	2cl0X2 14
DHV24_2cl0X2_ali_2clcX4_aF2  2.36 1.42  1.61 0.61 0.74 0.40 0.57 0.27   	2cl0X2 14
DHV24_2cl0X2_ali_2evwX4_aF2  2.16 1.27  1.34 0.55 0.74 0.41 0.45 0.22   	2cl0X2 14
DHV24_2cl6X3_ali_2ce2X1_aF2  3.76 1.27  2.43 0.69 0.57 0.66 0.87 0.54   	2cl6X3 14
DHV24_2cl6X3_ali_2cl0X2_aF2  3.74 1.10  2.49 0.44 0.73 0.70 0.52 0.35   	2cl6X3 14
DHV24_2cl6X3_ali_2cl7X4_aF2  3.49 1.22  2.13 0.47 0.66 0.65 0.33 0.26   	2cl6X3 14
DHV24_2cl6X3_ali_2clcX4_aF2  3.62 1.22  2.17 0.50 0.69 0.66 0.35 0.27   	2cl6X3 14
DHV24_2cl6X3_ali_2evwX4_aF2  3.47 1.29  2.09 0.56 0.64 0.63 0.37 0.33   	2cl6X3 14
DHV24_2cl7X4_ali_2ce2X1_aF2  3.09 1.23  2.03 0.62 0.52 0.60 0.86 0.41   	2cl7X4 14
DHV24_2cl7X4_ali_2cl0X2_aF2  2.48 1.24  1.82 0.51 0.76 0.50 0.58 0.24   	2cl7X4 14
DHV24_2cl7X4_ali_2cl6X3_aF2  3.49 1.22  2.13 0.51 0.61 0.65 0.33 0.26   	2cl7X4 14
DHV24_2cl7X4_ali_2clcX4_aF2  0.78 0.67  0.41 0.27 0.51 0.14 0.12 0.06   	2cl7X4 14
DHV24_2cl7X4_ali_2evwX4_aF2  1.68 1.16  0.92 0.56 0.69 0.31 0.27 0.23   	2cl7X4 14
DHV24_2clcX4_ali_2ce2X1_aF2  3.06 1.28  1.90 0.61 0.49 0.58 0.85 0.41   	2clcX4 14
DHV24_2clcX4_ali_2cl0X2_aF2  2.36 1.29  1.61 0.53 0.71 0.45 0.57 0.27   	2clcX4 14
DHV24_2clcX4_ali_2cl6X3_aF2  3.62 1.20  2.17 0.46 0.66 0.67 0.35 0.27   	2clcX4 14
DHV24_2clcX4_ali_2cl7X4_aF2  0.78 0.67  0.41 0.27 0.51 0.14 0.12 0.06   	2clcX4 14
DHV24_2clcX4_ali_2evwX4_aF2  1.48 1.02  0.70 0.53 0.70 0.31 0.31 0.26   	2clcX4 14
DHV24_2evwX4_ali_2ce2X1_aF2  2.93 1.05  1.77 0.56 0.50 0.64 0.82 0.38   	2evwX4 14
DHV24_2evwX4_ali_2cl0X2_aF2  2.16 1.23  1.34 0.39 0.69 0.43 0.45 0.22   	2evwX4 14
DHV24_2evwX4_ali_2cl6X3_aF2  3.47 1.20  2.09 0.43 0.52 0.65 0.37 0.33   	2evwX4 14
DHV24_2evwX4_ali_2cl7X4_aF2  1.68 1.14  0.92 0.50 0.70 0.32 0.27 0.23   	2evwX4 14
DHV24_2evwX4_ali_2clcX4_aF2  1.48 1.04  0.70 0.47 0.69 0.30 0.31 0.26   	2evwX4 14
DHV25_1gqyB1_ali_1p31B2_aF2 11.30 1.66 10.39 0.76 0.85 0.85 0.61 0.22   	1gqyB1 14
DHV25_1gqyB1_ali_1p3dA2_aF2 11.22 2.00 10.29 1.57 0.85 0.82 0.56 0.21   	1gqyB1 14
DHV25_1p31B2_ali_1gqyB1_aF2 11.30 1.79 10.39 0.74 0.78 0.84 0.61 0.22   	1p31B2 14
DHV25_1p31B2_ali_1p3dA2_aF2  0.39 0.31  0.19 0.10 0.61 0.20 0.20 0.04   	1p31B2 14
DHV25_1p3dA2_ali_1gqyB1_aF2 11.22 1.78 10.29 0.78 0.78 0.84 0.56 0.21   	1p3dA2 14
DHV25_1p3dA2_ali_1p31B2_aF2  0.39 0.31  0.19 0.10 0.60 0.20 0.20 0.04   	1p3dA2 14
DHV26_2rbtX1_ali_2rbuX2_aF2  4.43 0.72  5.28 0.49 0.81 0.84 0.12 0.08   	2rbtX1 15
DHV26_2rbtX1_ali_2rbvX1_aF2  0.12 0.07  0.11 0.05 0.82 0.44 0.05 0.03   	2rbtX1 15
DHV26_2rbtX1_ali_2rbwX3_aF2  3.07 0.97  3.55 0.65 0.65 0.68 0.21 0.15   	2rbtX1 15
DHV26_2rbtX1_ali_2rbxX1_aF2  0.26 0.12  0.26 0.11 0.90 0.55 0.08 0.06   	2rbtX1 15
DHV26_2rbtX1_ali_2rbyX1_aF2  0.16 0.09  0.13 0.07 0.85 0.47 0.10 0.07   	2rbtX1 15
DHV26_2rbtX1_ali_2rbzX1_aF2  0.24 0.09  0.25 0.07 0.93 0.64 0.14 0.03   	2rbtX1 15
DHV26_2rbtX1_ali_2rc0X1_aF2  0.30 0.16  0.23 0.09 0.84 0.47 0.11 0.07   	2rbtX1 15
DHV26_2rbtX1_ali_2rc2X3_aF2  3.08 0.97  3.57 0.63 0.65 0.68 0.12 0.05   	2rbtX1 15
DHV26_2rbuX2_ali_2rbtX1_aF2  4.43 0.66  5.28 0.46 0.75 0.85 0.12 0.08   	2rbuX2 15
DHV26_2rbuX2_ali_2rbvX1_aF2  4.41 0.65  5.26 0.46 0.75 0.85 0.13 0.10   	2rbuX2 15
DHV26_2rbuX2_ali_2rbwX3_aF2  2.43 0.54  2.59 0.36 0.85 0.78 0.23 0.09   	2rbuX2 15
DHV26_2rbuX2_ali_2rbxX1_aF2  4.49 0.69  5.36 0.52 0.75 0.85 0.13 0.05   	2rbuX2 15
DHV26_2rbuX2_ali_2rbyX1_aF2  4.46 0.65  5.31 0.48 0.75 0.85 0.11 0.06   	2rbuX2 15
DHV26_2rbuX2_ali_2rbzX1_aF2  4.51 0.68  5.38 0.50 0.75 0.85 0.17 0.07   	2rbuX2 15
DHV26_2rbuX2_ali_2rc0X1_aF2  4.51 0.75  5.38 0.51 0.74 0.83 0.14 0.06   	2rbuX2 15
DHV26_2rbuX2_ali_2rc2X3_aF2  2.40 0.54  2.56 0.37 0.86 0.77 0.21 0.08   	2rbuX2 15
DHV26_2rbvX1_ali_2rbtX1_aF2  0.12 0.07  0.11 0.05 0.82 0.44 0.05 0.03   	2rbvX1 15
DHV26_2rbvX1_ali_2rbuX2_aF2  4.41 1.09  5.26 0.78 0.81 0.75 0.13 0.10   	2rbvX1 15
DHV26_2rbvX1_ali_2rbwX3_aF2  3.06 0.96  3.53 0.64 0.65 0.69 0.22 0.18   	2rbvX1 15
DHV26_2rbvX1_ali_2rbxX1_aF2  0.32 0.13  0.33 0.11 0.92 0.61 0.11 0.08   	2rbvX1 15
DHV26_2rbvX1_ali_2rbyX1_aF2  0.22 0.09  0.20 0.08 0.89 0.58 0.11 0.09   	2rbvX1 15
DHV26_2rbvX1_ali_2rbzX1_aF2  0.31 0.11  0.33 0.09 0.93 0.65 0.14 0.04   	2rbvX1 15
DHV26_2rbvX1_ali_2rc0X1_aF2  0.34 0.16  0.30 0.09 0.87 0.53 0.12 0.09   	2rbvX1 15
DHV26_2rbvX1_ali_2rc2X3_aF2  3.07 0.96  3.55 0.62 0.64 0.69 0.11 0.06   	2rbvX1 15
DHV26_2rbwX3_ali_2rbtX1_aF2  3.07 0.73  3.55 0.49 0.67 0.76 0.21 0.15   	2rbwX3 15
DHV26_2rbwX3_ali_2rbuX2_aF2  2.43 0.71  2.59 0.55 0.89 0.71 0.23 0.09   	2rbwX3 15
DHV26_2rbwX3_ali_2rbvX1_aF2  3.06 0.63  3.53 0.46 0.66 0.79 0.22 0.18   	2rbwX3 15
DHV26_2rbwX3_ali_2rbxX1_aF2  3.16 0.63  3.68 0.48 0.66 0.80 0.20 0.11   	2rbwX3 15
DHV26_2rbwX3_ali_2rbyX1_aF2  3.10 0.63  3.59 0.46 0.66 0.80 0.16 0.10   	2rbwX3 15
DHV26_2rbwX3_ali_2rbzX1_aF2  3.16 0.63  3.68 0.46 0.67 0.80 0.22 0.15   	2rbwX3 15
DHV26_2rbwX3_ali_2rc0X1_aF2  3.13 0.63  3.67 0.50 0.67 0.80 0.16 0.09   	2rbwX3 15
DHV26_2rbwX3_ali_2rc2X3_aF2  0.12 0.08  0.13 0.08 0.77 0.39 0.14 0.13   	2rbwX3 15
DHV26_2rbxX1_ali_2rbtX1_aF2  0.26 0.12  0.26 0.11 0.88 0.55 0.08 0.06   	2rbxX1 15
DHV26_2rbxX1_ali_2rbuX2_aF2  4.49 0.75  5.36 0.54 0.81 0.83 0.13 0.05   	2rbxX1 15
DHV26_2rbxX1_ali_2rbvX1_aF2  0.32 0.13  0.33 0.12 0.89 0.59 0.11 0.08   	2rbxX1 15
DHV26_2rbxX1_ali_2rbwX3_aF2  3.16 0.97  3.68 0.66 0.65 0.69 0.20 0.11   	2rbxX1 15
DHV26_2rbxX1_ali_2rbyX1_aF2  0.19 0.10  0.21 0.10 0.84 0.46 0.09 0.04   	2rbxX1 15
DHV26_2rbxX1_ali_2rbzX1_aF2  0.14 0.08  0.12 0.07 0.81 0.41 0.14 0.05   	2rbxX1 15
DHV26_2rbxX1_ali_2rc0X1_aF2  0.23 0.13  0.14 0.09 0.81 0.43 0.09 0.04   	2rbxX1 15
DHV26_2rbxX1_ali_2rc2X3_aF2  3.17 0.97  3.70 0.64 0.65 0.69 0.16 0.05   	2rbxX1 15
DHV26_2rbyX1_ali_2rbtX1_aF2  0.16 0.08  0.13 0.07 0.85 0.48 0.10 0.07   	2rbyX1 15
DHV26_2rbyX1_ali_2rbuX2_aF2  4.46 0.73  5.31 0.50 0.81 0.84 0.11 0.06   	2rbyX1 15
DHV26_2rbyX1_ali_2rbvX1_aF2  0.22 0.09  0.20 0.08 0.90 0.59 0.11 0.09   	2rbyX1 15
DHV26_2rbyX1_ali_2rbwX3_aF2  3.10 0.97  3.59 0.65 0.64 0.69 0.16 0.10   	2rbyX1 15
DHV26_2rbyX1_ali_2rbxX1_aF2  0.19 0.10  0.21 0.10 0.84 0.47 0.09 0.04   	2rbyX1 15
DHV26_2rbyX1_ali_2rbzX1_aF2  0.19 0.08  0.21 0.06 0.91 0.60 0.09 0.06   	2rbyX1 15
DHV26_2rbyX1_ali_2rc0X1_aF2  0.26 0.15  0.17 0.10 0.79 0.40 0.06 0.04   	2rbyX1 15
DHV26_2rbyX1_ali_2rc2X3_aF2  3.11 0.98  3.61 0.63 0.64 0.69 0.10 0.04   	2rbyX1 15
DHV26_2rbzX1_ali_2rbtX1_aF2  0.24 0.08  0.25 0.07 0.93 0.64 0.14 0.03   	2rbzX1 15
DHV26_2rbzX1_ali_2rbuX2_aF2  4.51 0.73  5.38 0.52 0.82 0.84 0.17 0.07   	2rbzX1 15
DHV26_2rbzX1_ali_2rbvX1_aF2  0.31 0.11  0.33 0.09 0.93 0.66 0.14 0.04   	2rbzX1 15
DHV26_2rbzX1_ali_2rbwX3_aF2  3.16 0.96  3.68 0.64 0.66 0.70 0.22 0.15   	2rbzX1 15
DHV26_2rbzX1_ali_2rbxX1_aF2  0.14 0.08  0.12 0.07 0.82 0.42 0.14 0.05   	2rbzX1 15
DHV26_2rbzX1_ali_2rbyX1_aF2  0.19 0.08  0.21 0.06 0.91 0.60 0.09 0.06   	2rbzX1 15
DHV26_2rbzX1_ali_2rc0X1_aF2  0.28 0.14  0.16 0.08 0.86 0.50 0.10 0.06   	2rbzX1 15
DHV26_2rbzX1_ali_2rc2X3_aF2  3.16 0.96  3.69 0.63 0.66 0.70 0.16 0.05   	2rbzX1 15
DHV26_2rc0X1_ali_2rbtX1_aF2  0.30 0.16  0.23 0.09 0.84 0.46 0.11 0.07   	2rc0X1 15
DHV26_2rc0X1_ali_2rbuX2_aF2  4.51 0.75  5.38 0.50 0.81 0.83 0.14 0.06   	2rc0X1 15
DHV26_2rc0X1_ali_2rbvX1_aF2  0.34 0.16  0.30 0.10 0.87 0.51 0.12 0.09   	2rc0X1 15
DHV26_2rc0X1_ali_2rbwX3_aF2  3.13 0.97  3.67 0.67 0.66 0.69 0.16 0.09   	2rc0X1 15
DHV26_2rc0X1_ali_2rbxX1_aF2  0.23 0.14  0.14 0.09 0.81 0.41 0.09 0.04   	2rc0X1 15
DHV26_2rc0X1_ali_2rbyX1_aF2  0.26 0.16  0.17 0.10 0.79 0.39 0.06 0.04   	2rc0X1 15
DHV26_2rc0X1_ali_2rbzX1_aF2  0.28 0.14  0.16 0.08 0.86 0.48 0.10 0.06   	2rc0X1 15
DHV26_2rc0X1_ali_2rc2X3_aF2  3.14 0.96  3.68 0.65 0.66 0.69 0.12 0.05   	2rc0X1 15
DHV26_2rc2X3_ali_2rbtX1_aF2  3.08 0.63  3.57 0.47 0.66 0.80 0.12 0.05   	2rc2X3 15
DHV26_2rc2X3_ali_2rbuX2_aF2  2.40 0.69  2.56 0.53 0.88 0.71 0.21 0.08   	2rc2X3 15
DHV26_2rc2X3_ali_2rbvX1_aF2  3.07 0.63  3.55 0.48 0.66 0.80 0.11 0.06   	2rc2X3 15
DHV26_2rc2X3_ali_2rbwX3_aF2  0.12 0.07  0.13 0.07 0.77 0.40 0.14 0.13   	2rc2X3 15
DHV26_2rc2X3_ali_2rbxX1_aF2  3.17 0.63  3.70 0.49 0.66 0.80 0.16 0.05   	2rc2X3 15
DHV26_2rc2X3_ali_2rbyX1_aF2  3.11 0.62  3.61 0.47 0.66 0.80 0.10 0.04   	2rc2X3 15
DHV26_2rc2X3_ali_2rbzX1_aF2  3.16 0.62  3.69 0.47 0.67 0.80 0.16 0.05   	2rc2X3 15
DHV26_2rc2X3_ali_2rc0X1_aF2  3.14 0.63  3.68 0.51 0.67 0.80 0.12 0.05   	2rc2X3 15
DHV27_5ktaA1_ali_5ktcA2_aF2  8.38 1.50  7.34 0.98 0.83 0.82 0.64 0.29   	5ktaA1 15
DHV27_5ktaA1_ali_5ktdA2_aF2  8.34 1.50  7.32 1.00 0.82 0.82 0.60 0.26   	5ktaA1 15
DHV27_5ktcA2_ali_5ktaA1_aF2  8.38 1.31  7.34 0.93 0.84 0.84 0.64 0.29   	5ktcA2 15
DHV27_5ktcA2_ali_5ktdA2_aF2  0.17 0.12  0.11 0.06 0.69 0.28 0.10 0.06   	5ktcA2 15
DHV27_5ktdA2_ali_5ktaA1_aF2  8.34 1.27  7.32 0.87 0.84 0.85 0.60 0.26   	5ktdA2 15
DHV27_5ktdA2_ali_5ktcA2_aF2  0.17 0.12  0.11 0.06 0.69 0.28 0.10 0.06   	5ktdA2 15
DHV28_2yjdB2_ali_3omqA2_aF2  2.94 1.30  2.37 0.59 0.82 0.56 0.49 0.12   	2yjdB2 15
DHV28_3omqA2_ali_2yjdB2_aF2  2.94 1.27  2.37 0.55 0.80 0.57 0.49 0.12   	3omqA2 15
DHV29_3illA1_ali_3iloA2_aF2  8.13 2.09  5.01 1.43 0.75 0.74 0.50 0.17   	3illA1 15
DHV29_3iloA2_ali_3illA1_aF2  8.13 2.09  5.01 1.08 0.76 0.74 0.50 0.17   	3iloA2 15
DHV30_2xguA1_ali_2xgyA2_aF2  7.08 0.96  7.16 0.54 0.96 0.86 0.60 0.11   	2xguA1 15
DHV30_2xgyA2_ali_2xguA1_aF2  7.08 1.05  7.16 0.66 0.94 0.85 0.60 0.11   	2xgyA2 15
#------------------------------------------------------------------	------ 
#Avg(392):                   3.12 1.01  2.49 0.51 0.73 0.56 0.31 0.15000	92): 
#Sig(392):                   2.53 0.54  2.45 0.31 0.13 0.21 0.22 0.10000	92): 
#Med(392):                   2.54 0.96  1.75 0.48 0.75 0.58 0.23 0.12000	92): 
