# Morphing                 Delta0    RmsdA   RmsdA2    RmsdI    RmsdINCAC   RmsdF    RmsdNCAC    RmsdD   Motion N_res N_dh
DHV01_3iu1B1_ali_3iu2A2_af0x  0.52   3.37 0.39 3.37 0.39      2.99 0.89 10 19
DHV01_3iu1B1_ali_3iweA2_af0x  0.52   3.51 0.38 3.51 0.38      3.13 0.89 10 19
DHV01_3iu1B1_ali_3jtkA2_af0x  0.53   3.54 0.34 3.54 0.35      3.20 0.90 10 19
DHV01_3iu2A2_ali_3iu1B1_af0x  0.54   3.37 0.42 3.37 0.42      2.96 0.88 10 19
DHV01_3iweA2_ali_3iu1B1_af0x  0.53   3.51 0.65 3.51 0.65      2.85 0.81 10 19
DHV01_3jtkA2_ali_3iu1B1_af0x  0.54   3.54 0.56 3.54 0.57      2.97 0.84 10 19
DHV02_4hidA1_ali_4hj7A2_af0x  0.49   2.24 0.42 2.24 0.43      1.81 0.81 10 20
DHV02_4hikA1_ali_4hj7A2_af0x  0.48   2.34 0.35 2.35 0.39      1.99 0.85 10 20
DHV02_4himA1_ali_4hj7A2_af0x  0.49   2.37 1.19 2.38 1.20      1.18 0.50 10 20
DHV02_4hioA1_ali_4hj7A2_af0x  0.49   2.31 0.41 2.31 0.42      1.89 0.82 10 20
DHV02_4hj7A2_ali_4hidA1_af0x  0.44   2.24 1.23 2.24 1.24      1.00 0.45 10 20
DHV02_4hj7A2_ali_4hikA1_af0x  0.44   2.34 1.10 2.35 1.11      1.25 0.53 10 20
DHV02_4hj7A2_ali_4himA1_af0x  0.45   2.37 0.43 2.37 0.45      1.94 0.82 10 20
DHV02_4hj7A2_ali_4hioA1_af0x  0.45   2.30 1.22 2.31 1.23      1.08 0.47 10 20
DHV02_4hj7A2_ali_4hj9A1_af0x  0.45   2.31 1.04 2.31 1.04      1.27 0.55 10 20
DHV02_4hj9A1_ali_4hj7A2_af0x  0.49   2.31 0.31 2.32 0.32      2.01 0.87 10 20
DHV03_4kfrB1_ali_4kfuA2_af0x  0.56   4.53 0.58 4.54 0.71      3.94 0.87 10 20
DHV03_4kfuA2_ali_4kfrB1_af0x  0.55   4.52 0.69 4.54 0.80      3.82 0.85 10 20
DHV04_3waeA1_ali_3wafB2_af0x  0.51   3.11 0.37 3.11 0.37      2.75 0.88 10 19
DHV04_3wafB2_ali_3waeA1_af0x  0.50   3.11 0.95 3.11 0.95      2.16 0.70 10 19
DHV05_3mp6A1_ali_3mp8A2_af0x  0.52   5.32 1.46 5.32 1.46      3.86 0.73 10 18
DHV05_3mp8A2_ali_3mp6A1_af0x  0.52   5.32 1.22 5.32 1.23      4.10 0.77 10 18
DHV06_1xbbA1_ali_4fyoA2_af0x  0.57   3.13 0.99 3.16 1.08      2.14 0.69 11 22
DHV06_1xbbA1_ali_4i0sA2_af0x  0.57   3.77 1.13 3.81 1.26      2.64 0.70 11 22
DHV06_1xbbA1_ali_4i0tA2_af0x  0.58   2.58 1.37 2.61 1.44      1.21 0.47 11 22
DHV06_4fyoA2_ali_1xbbA1_af0x  0.55   3.14 0.72 3.17 0.85      2.41 0.77 11 22
DHV06_4fyoA2_ali_4i0tA2_af0x  0.56   2.08 0.96 2.09 0.99      1.11 0.54 11 22
DHV06_4i0sA2_ali_1xbbA1_af0x  0.55   3.77 0.83 3.81 1.00      2.94 0.78 11 22
DHV06_4i0sA2_ali_4i0tA2_af0x  0.56   2.79 1.15 2.81 1.18      1.64 0.59 11 22
DHV06_4i0tA2_ali_1xbbA1_af0x  0.58   2.58 1.00 2.62 1.09      1.58 0.61 11 22
DHV06_4i0tA2_ali_4fyoA2_af0x  0.55   2.08 0.72 2.09 0.76      1.35 0.65 11 22
DHV06_4i0tA2_ali_4i0sA2_af0x  0.55   2.79 0.78 2.80 0.83      2.01 0.72 11 22
DHV07_3n4fA1_ali_3qpeD2_af0x  0.56   4.15 0.46 4.16 0.48      3.70 0.89 11 22
DHV07_3n4fA1_ali_3vccA2_af0x  0.56   4.15 0.48 4.16 0.52      3.68 0.89 11 22
DHV07_3qpeD2_ali_3n4fA1_af0x  0.56   4.16 0.43 4.16 0.46      3.73 0.90 11 22
DHV07_3vccA2_ali_3n4fA1_af0x  0.56   4.15 0.46 4.16 0.51      3.69 0.89 11 22
DHV08_2vovA1_ali_2voxA2_af0x  0.52   3.03 0.39 3.03 0.40      2.64 0.87 11 21
DHV08_2voxA2_ali_2vovA1_af0x  0.55   3.03 0.39 3.04 0.40      2.64 0.87 11 21
DHV09_2q9fA1_ali_3mdmA2_af0x  0.55   4.76 0.95 4.79 1.10      3.81 0.80 11 21
DHV09_3mdmA2_ali_2q9fA1_af0x  0.50   4.76 1.26 4.79 1.37      3.50 0.74 11 21
DHV10_3irsC1_ali_3k4wL2_af0x  0.57   4.38 0.87 4.38 0.89      3.51 0.80 11 22
DHV10_3k4wL2_ali_3irsC1_af0x  0.57   4.34 0.78 4.34 0.81      3.55 0.82 11 22
DHV11_3gnoA1_ali_3gnpA1_af0x  0.52   4.23 0.27 4.23 0.28      3.95 0.94 12 24
DHV11_3gnpA1_ali_3gnoA1_af0x  0.53   4.22 0.41 4.22 0.41      3.81 0.90 12 24
DHV11_3gnpA1_ali_3gnrA2_af0x  0.53   4.12 0.47 4.12 0.47      3.66 0.89 12 24
DHV11_3gnrA2_ali_3gnpA1_af0x  0.52   4.13 0.32 4.13 0.33      3.81 0.92 12 24
DHV12_4fj7A1_ali_4fjnA2_af0x  0.57   7.31 0.83 7.31 0.83      6.48 0.89 12 24
DHV12_4fj9A1_ali_4fjnA2_af0x  0.57   7.42 0.81 7.42 0.81      6.61 0.89 12 24
DHV12_4fjjA1_ali_4fjnA2_af0x  0.57   7.38 0.83 7.38 0.83      6.55 0.89 12 24
DHV12_4fjlA1_ali_4fjnA2_af0x  0.57   6.91 0.63 6.91 0.63      6.28 0.91 12 24
DHV12_4fjnA2_ali_4fj7A1_af0x  0.57   7.30 0.74 7.30 0.74      6.56 0.90 12 24
DHV12_4fjnA2_ali_4fj9A1_af0x  0.57   7.40 0.74 7.40 0.75      6.66 0.90 12 24
DHV12_4fjnA2_ali_4fjjA1_af0x  0.57   7.37 0.74 7.37 0.74      6.64 0.90 12 24
DHV12_4fjnA2_ali_4fjlA1_af0x  0.57   6.90 0.57 6.90 0.57      6.33 0.92 12 24
DHV12_4fjnA2_ali_4fk2A1_af0x  0.57   7.44 0.74 7.44 0.74      6.70 0.90 12 24
DHV12_4fjnA2_ali_4fk4A1_af0x  0.57   7.30 0.71 7.30 0.71      6.58 0.90 12 24
DHV12_4fjnA2_ali_4m3tA1_af0x  0.57   7.33 0.70 7.33 0.71      6.63 0.90 12 24
DHV12_4fjnA2_ali_4m3yA1_af0x  0.57   7.36 0.74 7.36 0.74      6.62 0.90 12 24
DHV12_4fjnA2_ali_4m3zA1_af0x  0.57   7.40 0.72 7.40 0.72      6.68 0.90 12 24
DHV12_4fjnA2_ali_4m45A1_af0x  0.57   7.31 0.60 7.31 0.60      6.71 0.92 12 24
DHV12_4fk2A1_ali_4fjnA2_af0x  0.57   7.45 0.89 7.45 0.89      6.56 0.88 12 24
DHV12_4fk4A1_ali_4fjnA2_af0x  0.57   7.30 0.95 7.30 0.95      6.35 0.87 12 24
DHV12_4m3tA1_ali_4fjnA2_af0x  0.57   7.34 0.98 7.34 0.98      6.36 0.87 12 24
DHV12_4m3yA1_ali_4fjnA2_af0x  0.57   7.37 0.91 7.37 0.91      6.46 0.88 12 24
DHV12_4m3zA1_ali_4fjnA2_af0x  0.57   7.41 0.77 7.41 0.77      6.63 0.90 12 24
DHV12_4m45A1_ali_4fjnA2_af0x  0.57   7.33 0.74 7.33 0.74      6.58 0.90 12 24
DHV13_2pa5A1_ali_4iczA2_af0x  0.57   3.34 0.49 3.35 0.51      2.85 0.85 12 22
DHV13_4ge2A1_ali_4iczA2_af0x  0.57   3.39 0.52 3.39 0.54      2.86 0.85 12 22
DHV13_4ge6B1_ali_4iczA2_af0x  0.57   3.12 0.48 3.12 0.50      2.63 0.85 12 22
DHV13_4iczA2_ali_2pa5A1_af0x  0.57   3.34 0.94 3.34 0.95      2.40 0.72 12 22
DHV13_4iczA2_ali_4ge2A1_af0x  0.57   3.39 0.93 3.39 0.94      2.46 0.73 12 22
DHV13_4iczA2_ali_4ge6B1_af0x  0.58   3.11 0.61 3.11 0.63      2.49 0.80 12 22
DHV14_4jhxA1_ali_4kwtC2_af0x  0.43   2.84 0.67 2.86 0.75      2.17 0.76 12 23
DHV14_4kwtC2_ali_4jhxA1_af0x  0.47   2.84 0.63 2.87 0.72      2.21 0.78 12 23
DHV15_3agnA1_ali_3agoA2_af0x  0.51   7.25 0.69 7.25 0.70      6.56 0.90 12 22
DHV15_3agnA1_ali_3ahwA3_af0x  0.53   5.51 0.69 5.52 0.74      4.83 0.88 12 22
DHV15_3agoA2_ali_3agnA1_af0x  0.48   7.25 2.86 7.25 2.86      4.39 0.61 12 22
DHV15_3agoA2_ali_3ahwA3_af0x  0.50   4.76 0.44 4.77 0.46      4.33 0.91 12 22
DHV15_3ahwA3_ali_3agnA1_af0x  0.52   5.51 0.53 5.51 0.60      4.98 0.90 12 22
DHV15_3ahwA3_ali_3agoA2_af0x  0.47   4.77 0.41 4.77 0.44      4.36 0.91 12 22
DHV16_1a4uB1_ali_1b16B2_af0x  0.44   2.48 0.34 2.48 0.35      2.13 0.86 13 25
DHV16_1a4uB1_ali_1sbyB2_af0x  0.42   2.44 0.33 2.44 0.34      2.11 0.86 13 25
DHV16_1b16B2_ali_1a4uB1_af0x  0.46   2.46 1.03 2.46 1.03      1.43 0.58 13 25
DHV16_1b16B2_ali_1b2lA3_af0x  0.54   3.19 0.36 3.19 0.37      2.83 0.89 13 25
DHV16_1b2lA3_ali_1b16B2_af0x  0.51   3.21 0.25 3.21 0.26      2.96 0.92 13 25
DHV16_1b2lA3_ali_1sbyB2_af0x  0.51   3.10 0.20 3.11 0.23      2.90 0.93 13 25
DHV16_1sbyB2_ali_1a4uB1_af0x  0.44   2.42 0.58 2.42 0.58      1.84 0.76 13 25
DHV16_1sbyB2_ali_1b2lA3_af0x  0.54   3.08 0.34 3.08 0.36      2.74 0.89 13 25
DHV17_3hszA1_ali_3ht0A2_af0x  0.55   11.29 1.06 11.29 1.06      10.22 0.91 13 25
DHV17_3ht0A2_ali_3hszA1_af0x  0.55   11.33 1.20 11.33 1.20      10.13 0.89 13 25
DHV18_3m7wD1_ali_4guiB2_af0x  0.55   4.36 0.66 4.37 0.69      3.70 0.85 13 25
DHV18_3m7wD1_ali_4gujB2_af0x  0.55   4.35 0.45 4.36 0.49      3.91 0.90 13 25
DHV18_3oexB1_ali_4guiB2_af0x  0.55   4.56 0.32 4.57 0.36      4.24 0.93 13 25
DHV18_3oexB1_ali_4gujB2_af0x  0.55   4.57 0.40 4.58 0.43      4.17 0.91 13 25
DHV18_4gfsA1_ali_4guiB2_af0x  0.55   4.55 0.48 4.55 0.52      4.07 0.89 13 25
DHV18_4gfsA1_ali_4gujB2_af0x  0.55   4.56 0.49 4.57 0.53      4.08 0.89 13 25
DHV18_4guiB2_ali_3m7wD1_af0x  0.56   4.36 0.40 4.37 0.45      3.96 0.91 13 25
DHV18_4guiB2_ali_3oexB1_af0x  0.56   4.56 0.51 4.56 0.53      4.05 0.89 13 25
DHV18_4guiB2_ali_4gfsA1_af0x  0.56   4.55 0.51 4.55 0.55      4.04 0.89 13 25
DHV18_4gujB2_ali_3m7wD1_af0x  0.56   4.35 0.55 4.36 0.59      3.80 0.87 13 25
DHV18_4gujB2_ali_3oexB1_af0x  0.56   4.57 0.55 4.57 0.57      4.02 0.88 13 25
DHV18_4gujB2_ali_4gfsA1_af0x  0.56   4.56 0.57 4.57 0.61      3.99 0.87 13 25
DHV19_1dg3A1_ali_1f5nA2_af0x  0.56   5.38 0.99 5.38 1.00      4.39 0.82 13 26
DHV19_1f5nA2_ali_1dg3A1_af0x  0.55   5.38 1.01 5.38 1.02      4.37 0.81 13 26
DHV20_3phgA1_ali_3phhA2_af0x  0.55   3.14 0.86 3.14 0.87      2.28 0.73 13 25
DHV20_3phhA2_ali_3phgA1_af0x  0.51   3.14 1.39 3.14 1.39      1.75 0.56 13 25
DHV21_3d05A1_ali_3d06A2_af0x  0.51   4.28 0.29 4.28 0.30      3.98 0.93 14 27
DHV21_3d06A2_ali_3d05A1_af0x  0.51   4.28 0.28 4.28 0.28      4.00 0.93 14 27
DHV22_3v0dB1_ali_3v0fA2_af0x  0.52   6.81 0.86 6.81 0.86      5.95 0.87 14 28
DHV22_3v0dB1_ali_3v0hB3_af0x  0.54   8.59 0.82 8.59 0.82      7.77 0.90 14 28
DHV22_3v0fA2_ali_3v0dB1_af0x  0.53   6.80 0.88 6.80 0.88      5.92 0.87 14 28
DHV22_3v0fA2_ali_3v0gB1_af0x  0.52   7.16 0.78 7.17 0.78      6.38 0.89 14 28
DHV22_3v0fA2_ali_3v0hB3_af0x  0.55   8.68 1.34 8.68 1.34      7.34 0.85 14 28
DHV22_3v0gB1_ali_3v0fA2_af0x  0.51   7.16 0.89 7.16 0.89      6.27 0.88 14 28
DHV22_3v0gB1_ali_3v0hB3_af0x  0.53   8.40 0.83 8.40 0.83      7.57 0.90 14 28
DHV22_3v0hB3_ali_3v0dB1_af0x  0.54   8.59 1.20 8.59 1.20      7.39 0.86 14 28
DHV22_3v0hB3_ali_3v0fA2_af0x  0.55   8.68 1.35 8.68 1.35      7.33 0.84 14 28
DHV22_3v0hB3_ali_3v0gB1_af0x  0.54   8.40 0.78 8.40 0.79      7.62 0.91 14 28
DHV23_4mxrB1_ali_4myfA2_af0x  0.58   2.86 0.39 2.86 0.40      2.47 0.86 14 27
DHV23_4mxrB1_ali_4mykA2_af0x  0.58   2.83 0.38 2.83 0.39      2.45 0.87 14 27
DHV23_4mxrB1_ali_4mylA2_af0x  0.58   2.80 0.39 2.81 0.41      2.41 0.86 14 27
DHV23_4myfA2_ali_4mxrB1_af0x  0.57   2.85 0.38 2.85 0.38      2.47 0.87 14 27
DHV23_4mykA2_ali_4mxrB1_af0x  0.57   2.80 0.32 2.80 0.33      2.48 0.89 14 27
DHV23_4mylA2_ali_4mxrB1_af0x  0.57   2.79 0.35 2.79 0.36      2.44 0.88 14 27
DHV24_2ce2X1_ali_2cl6X3_af0x  0.52   2.41 0.80 2.43 0.86      1.61 0.67 14 27
DHV24_2cl0X2_ali_2cl6X3_af0x  0.54   2.32 0.66 2.33 0.67      1.67 0.72 14 27
DHV24_2cl6X3_ali_2ce2X1_af0x  0.52   2.41 0.74 2.43 0.80      1.67 0.69 14 27
DHV24_2cl6X3_ali_2cl0X2_af0x  0.56   2.33 0.39 2.33 0.41      1.93 0.83 14 27
DHV24_2cl6X3_ali_2evwX4_af0x  0.54   2.07 0.32 2.08 0.33      1.75 0.85 14 27
DHV24_2evwX4_ali_2cl6X3_af0x  0.50   2.07 0.43 2.07 0.43      1.64 0.79 14 27
DHV25_1gqyB1_ali_1p31B2_af0x  0.55   9.51 1.62 9.51 1.65      7.88 0.83 14 27
DHV25_1gqyB1_ali_1p3dA2_af0x  0.55   9.54 1.46 9.54 1.48      8.08 0.85 14 27
DHV25_1p31B2_ali_1gqyB1_af0x  0.56   9.51 0.84 9.51 0.89      8.66 0.91 14 27
DHV25_1p3dA2_ali_1gqyB1_af0x  0.56   9.54 0.93 9.55 0.96      8.61 0.90 14 27
DHV26_2rbtX1_ali_2rbuX2_af0x  0.53   5.23 0.40 5.23 0.41      4.82 0.92 15 29
DHV26_2rbtX1_ali_2rbwX3_af0x  0.48   3.47 0.67 3.48 0.67      2.81 0.81 15 29
DHV26_2rbtX1_ali_2rc2X3_af0x  0.48   3.50 0.64 3.50 0.64      2.86 0.82 15 29
DHV26_2rbuX2_ali_2rbtX1_af0x  0.52   5.23 0.53 5.23 0.53      4.70 0.90 15 29
DHV26_2rbuX2_ali_2rbvX1_af0x  0.52   5.21 0.53 5.21 0.53      4.68 0.90 15 29
DHV26_2rbuX2_ali_2rbwX3_af0x  0.55   2.45 0.35 2.45 0.35      2.10 0.86 15 29
DHV26_2rbuX2_ali_2rbxX1_af0x  0.52   5.29 0.67 5.29 0.68      4.62 0.87 15 29
DHV26_2rbuX2_ali_2rbyX1_af0x  0.52   5.27 0.49 5.27 0.49      4.78 0.91 15 29
DHV26_2rbuX2_ali_2rbzX1_af0x  0.52   5.32 0.65 5.32 0.65      4.67 0.88 15 29
DHV26_2rbuX2_ali_2rc0X1_af0x  0.52   5.31 0.63 5.31 0.63      4.68 0.88 15 29
DHV26_2rbuX2_ali_2rc2X3_af0x  0.55   2.41 0.39 2.41 0.39      2.02 0.84 15 29
DHV26_2rbvX1_ali_2rbuX2_af0x  0.53   5.21 0.42 5.21 0.42      4.79 0.92 15 29
DHV26_2rbvX1_ali_2rbwX3_af0x  0.48   3.47 0.79 3.47 0.79      2.68 0.77 15 29
DHV26_2rbvX1_ali_2rc2X3_af0x  0.48   3.49 0.62 3.49 0.62      2.87 0.82 15 29
DHV26_2rbwX3_ali_2rbtX1_af0x  0.47   3.48 0.46 3.48 0.46      3.02 0.87 15 29
DHV26_2rbwX3_ali_2rbuX2_af0x  0.55   2.45 0.40 2.45 0.40      2.05 0.84 15 29
DHV26_2rbwX3_ali_2rbvX1_af0x  0.47   3.47 0.90 3.47 0.91      2.56 0.74 15 29
DHV26_2rbwX3_ali_2rbxX1_af0x  0.47   3.59 0.48 3.59 0.49      3.11 0.87 15 29
DHV26_2rbwX3_ali_2rbyX1_af0x  0.47   3.52 0.47 3.52 0.48      3.05 0.87 15 29
DHV26_2rbwX3_ali_2rbzX1_af0x  0.47   3.59 0.46 3.59 0.47      3.12 0.87 15 29
DHV26_2rbwX3_ali_2rc0X1_af0x  0.47   3.58 0.48 3.58 0.48      3.10 0.87 15 29
DHV26_2rbxX1_ali_2rbuX2_af0x  0.52   5.29 0.39 5.29 0.39      4.91 0.93 15 29
DHV26_2rbxX1_ali_2rbwX3_af0x  0.47   3.58 0.88 3.58 0.88      2.70 0.76 15 29
DHV26_2rbxX1_ali_2rc2X3_af0x  0.47   3.61 0.85 3.61 0.85      2.76 0.76 15 29
DHV26_2rbyX1_ali_2rbuX2_af0x  0.53   5.26 0.44 5.26 0.44      4.82 0.92 15 29
DHV26_2rbyX1_ali_2rbwX3_af0x  0.48   3.52 0.64 3.52 0.64      2.88 0.82 15 29
DHV26_2rbyX1_ali_2rc2X3_af0x  0.48   3.55 0.73 3.55 0.73      2.82 0.80 15 29
DHV26_2rbzX1_ali_2rbuX2_af0x  0.52   5.31 0.43 5.31 0.43      4.89 0.92 15 29
DHV26_2rbzX1_ali_2rbwX3_af0x  0.47   3.58 0.66 3.58 0.66      2.92 0.82 15 29
DHV26_2rbzX1_ali_2rc2X3_af0x  0.47   3.61 0.77 3.61 0.77      2.83 0.79 15 29
DHV26_2rc0X1_ali_2rbuX2_af0x  0.52   5.31 0.53 5.31 0.54      4.77 0.90 15 29
DHV26_2rc0X1_ali_2rbwX3_af0x  0.47   3.58 0.67 3.58 0.67      2.91 0.81 15 29
DHV26_2rc0X1_ali_2rc2X3_af0x  0.47   3.61 0.71 3.61 0.71      2.90 0.80 15 29
DHV26_2rc2X3_ali_2rbtX1_af0x  0.48   3.50 0.53 3.50 0.53      2.97 0.85 15 29
DHV26_2rc2X3_ali_2rbuX2_af0x  0.55   2.41 0.39 2.41 0.40      2.01 0.84 15 29
DHV26_2rc2X3_ali_2rbvX1_af0x  0.47   3.49 0.45 3.49 0.45      3.04 0.87 15 29
DHV26_2rc2X3_ali_2rbxX1_af0x  0.47   3.61 0.51 3.61 0.51      3.11 0.86 15 29
DHV26_2rc2X3_ali_2rbyX1_af0x  0.48   3.55 0.52 3.55 0.52      3.02 0.85 15 29
DHV26_2rc2X3_ali_2rbzX1_af0x  0.48   3.61 0.50 3.61 0.50      3.11 0.86 15 29
DHV26_2rc2X3_ali_2rc0X1_af0x  0.48   3.61 0.44 3.61 0.44      3.17 0.88 15 29
DHV27_5ktaA1_ali_5ktcA2_af0x  0.55   7.50 0.92 7.50 0.92      6.58 0.88 15 30
DHV27_5ktaA1_ali_5ktdA2_af0x  0.55   7.48 1.40 7.48 1.41      6.08 0.81 15 30
DHV27_5ktcA2_ali_5ktaA1_af0x  0.55   7.49 0.80 7.49 0.81      6.69 0.89 15 30
DHV27_5ktdA2_ali_5ktaA1_af0x  0.55   7.48 0.79 7.48 0.79      6.69 0.89 15 30
DHV28_2yjdB2_ali_3omqA2_af0x  0.56   2.18 0.34 2.18 0.38      1.83 0.84 15 26
DHV28_3omqA2_ali_2yjdB2_af0x  0.55   2.17 0.40 2.18 0.43      1.77 0.82 15 26
DHV29_3illA1_ali_3iloA2_af0x  0.55   4.80 0.84 4.80 0.85      3.95 0.82 15 29
DHV29_3iloA2_ali_3illA1_af0x  0.54   4.81 0.71 4.81 0.71      4.10 0.85 15 29
DHV30_2xguA1_ali_2xgyA2_af0x  0.56   7.44 0.54 7.44 0.55      6.90 0.93 15 24
DHV30_2xgyA2_ali_2xguA1_af0x  0.57   7.45 0.76 7.45 0.77      6.69 0.90 15 24
