# Morphing                 Delta0    RmsdA   RmsdA2    RmsdI    RmsdINCAC   RmsdF    RmsdNCAC    RmsdD   Motion N_res N_dh
#---------------------------------------------------------------------
DHV01_3iu1B1_ali_3iu2A2_aF2 0.61 0.46 0.38  4.16 1.48  3.16 0.48  2.68 0.64
DHV01_3iu1B1_ali_3iweA2_aF2 0.64 0.46 0.41  4.25 1.49  3.34 0.57  2.76 0.65
DHV01_3iu1B1_ali_3jtkA2_aF2 0.63 0.55 0.43  4.29 1.54  3.34 0.59  2.75 0.64
DHV01_3iu2A2_ali_3iu1B1_aF2 0.65 0.46 0.38  4.16 1.55  3.16 0.74  2.61 0.63
DHV01_3iweA2_ali_3iu1B1_aF2 0.66 0.46 0.41  4.25 1.60  3.34 0.94  2.65 0.62
DHV01_3jtkA2_ali_3iu1B1_aF2 0.65 0.55 0.43  4.29 1.65  3.34 0.93  2.64 0.62
DHV02_4hioA1_ali_4hj7A2_aF2 0.67 0.46 0.28  3.64 1.52  2.62 0.87  2.12 0.58
DHV02_4hj7A2_ali_4hidA1_aF2 0.58 0.78 0.65  3.48 1.46  2.40 0.67  2.02 0.58
DHV02_4hj7A2_ali_4hioA1_aF2 0.62 0.46 0.28  3.64 1.41  2.62 0.63  2.24 0.61
DHV03_4kfrB1_ali_4kfuA2_aF2 0.83 1.81 1.35  6.86 2.07  5.09 1.35  4.79 0.70
DHV03_4kfuA2_ali_4kfrB1_aF2 0.80 1.81 1.35  6.85 1.86  5.08 0.88  4.98 0.73
DHV04_3waeA1_ali_3wafB2_aF2 0.79 0.55 0.32  4.16 1.88  3.28 1.12  2.28 0.55
DHV04_3wafB2_ali_3waeA1_aF2 0.80 0.55 0.32  4.15 2.00  3.27 1.19  2.15 0.52
DHV05_3mp6A1_ali_3mp8A2_aF2 0.76 0.89 0.78  5.18 2.67  4.87 1.76  2.51 0.48
DHV05_3mp8A2_ali_3mp6A1_aF2 0.74 0.89 0.78  5.19 2.12  4.88 1.40  3.07 0.59
DHV07_3n4fA1_ali_3qpeD2_aF2 0.84 0.99 0.93  5.87 0.94  4.25 0.39  4.92 0.84
DHV07_3n4fA1_ali_3vccA2_aF2 0.84 1.01 0.92  5.95 0.96  4.33 0.42  5.00 0.84
DHV07_3qpeD2_ali_3n4fA1_aF2 0.83 0.99 0.93  5.87 1.06  4.25 0.72  4.81 0.82
DHV07_3vccA2_ali_3n4fA1_aF2 0.83 1.01 0.92  5.95 0.98  4.33 0.59  4.97 0.84
DHV08_2vovA1_ali_2voxA2_aF2 0.68 0.50 0.32  4.37 0.86  3.12 0.48  3.51 0.80
DHV08_2voxA2_ali_2vovA1_aF2 0.74 0.50 0.32  4.37 0.87  3.13 0.52  3.51 0.80
DHV09_2q9fA1_ali_3mdmA2_aF2 0.83 2.73 2.18  8.37 2.38  6.50 1.97  5.99 0.72
DHV09_3mdmA2_ali_2q9fA1_aF2 0.77 2.73 2.18  8.37 2.94  6.50 2.49  5.43 0.65
DHV10_3irsC1_ali_3k4wL2_aF2 0.86 0.83 0.44  5.04 1.38  4.31 0.82  3.66 0.73
DHV10_3k4wL2_ali_3irsC1_aF2 0.89 0.83 0.44  5.02 1.35  4.29 0.76  3.67 0.73
DHV11_3gnoA1_ali_3gnpA1_aF2 0.77 0.22 0.12  5.09 0.97  4.27 0.47  4.12 0.81
DHV11_3gnpA1_ali_3gnoA1_aF2 0.76 0.22 0.12  5.09 1.04  4.27 0.47  4.05 0.80
DHV11_3gnpA1_ali_3gnrA2_aF2 0.78 0.26 0.12  4.97 1.88  4.27 0.88  3.09 0.62
DHV11_3gnrA2_ali_3gnpA1_aF2 0.78 0.27 0.12  4.97 1.08  4.28 0.52  3.89 0.78
DHV12_4fj7A1_ali_4fjnA2_aF2 0.90 0.48 0.34  7.10 2.02  6.10 1.00  5.08 0.72
DHV12_4fj9A1_ali_4fjnA2_aF2 0.90 0.71 0.60  6.99 2.00  5.98 1.07  5.00 0.71
DHV12_4fjjA1_ali_4fjnA2_aF2 0.90 0.52 0.35  7.20 1.97  6.18 1.08  5.23 0.73
DHV12_4fjjA1_ali_4fk2A1_aF2 0.93 1.75 1.34  3.08 1.07  2.81 0.79  2.01 0.65
DHV12_4fjlA1_ali_4fjnA2_aF2 0.93 0.31 0.24  8.47 1.87  7.31 0.91  6.59 0.78
DHV12_4fjlA1_ali_4m3tA1_aF2 0.85 0.67 0.43  3.04 0.97  1.68 0.49  2.07 0.68
DHV12_4fjnA2_ali_4fj7A1_aF2 0.92 0.48 0.34  7.10 1.86  6.11 0.89  5.23 0.74
DHV12_4fjnA2_ali_4fj9A1_aF2 0.91 0.71 0.60  6.99 1.91  5.98 0.88  5.08 0.73
DHV12_4fjnA2_ali_4fjjA1_aF2 0.91 0.52 0.35  7.20 1.90  6.18 0.91  5.30 0.74
DHV12_4fjnA2_ali_4fjlA1_aF2 0.92 0.31 0.24  8.46 1.74  7.30 0.92  6.72 0.79
DHV12_4fjnA2_ali_4fk2A1_aF2 0.92 1.53 1.26  8.95 2.16  8.04 1.22  6.79 0.76
DHV12_4fjnA2_ali_4fk4A1_aF2 0.92 0.37 0.25  7.50 1.75  6.34 0.90  5.75 0.77
DHV12_4fjnA2_ali_4m3tA1_aF2 0.92 0.53 0.37  6.66 1.49  5.90 0.77  5.16 0.78
DHV12_4fjnA2_ali_4m3yA1_aF2 0.92 0.30 0.23  7.77 1.87  6.66 0.96  5.90 0.76
DHV12_4fjnA2_ali_4m3zA1_aF2 0.92 0.39 0.27  7.08 1.63  6.37 0.91  5.45 0.77
DHV12_4fjnA2_ali_4m45A1_aF2 0.92 0.39 0.28  8.70 1.90  7.69 1.02  6.80 0.78
DHV12_4fk2A1_ali_4fjjA1_aF2 0.94 1.75 1.34  3.09 0.98  2.82 0.70  2.11 0.68
DHV12_4fk2A1_ali_4fjnA2_aF2 0.91 1.53 1.26  8.97 2.13  8.06 1.24  6.85 0.76
DHV12_4fk2A1_ali_4m3tA1_aF2 0.88 1.72 1.33  3.55 1.37  2.95 0.91  2.18 0.61
DHV12_4fk4A1_ali_4fjnA2_aF2 0.91 0.37 0.25  7.50 1.88  6.34 0.94  5.62 0.75
DHV12_4m3tA1_ali_4fjlA1_aF2 0.81 0.67 0.43  3.04 0.94  1.68 0.54  2.11 0.69
DHV12_4m3tA1_ali_4fjnA2_aF2 0.92 0.53 0.37  6.66 1.62  5.91 0.89  5.05 0.76
DHV12_4m3tA1_ali_4fk2A1_aF2 0.85 1.72 1.33  3.55 1.43  2.95 0.93  2.12 0.60
DHV12_4m3yA1_ali_4fjnA2_aF2 0.92 0.30 0.23  7.77 2.00  6.66 1.12  5.77 0.74
DHV12_4m3zA1_ali_4fjnA2_aF2 0.92 0.39 0.27  7.08 1.67  6.37 0.94  5.41 0.76
DHV12_4m45A1_ali_4fjnA2_aF2 0.93 0.39 0.28  8.69 1.95  7.68 1.01  6.75 0.78
DHV13_2pa5A1_ali_4iczA2_aF2 0.91 0.71 0.52  3.88 0.99  2.91 0.57  2.89 0.74
DHV13_4ge2A1_ali_4iczA2_aF2 0.92 0.67 0.49  4.12 1.01  3.15 0.53  3.11 0.75
DHV13_4ge6B1_ali_4iczA2_aF2 0.90 0.49 0.42  3.99 1.30  3.09 0.57  2.69 0.67
DHV13_4iczA2_ali_2pa5A1_aF2 0.88 0.71 0.52  3.86 1.05  2.90 0.68  2.81 0.73
DHV13_4iczA2_ali_4ge2A1_aF2 0.89 0.67 0.49  4.11 1.09  3.14 0.67  3.03 0.74
DHV13_4iczA2_ali_4ge6B1_aF2 0.87 0.49 0.42  4.00 1.32  3.09 0.74  2.68 0.67
DHV14_4jhxA1_ali_4kwtC2_aF2 0.71 1.02 0.18  3.28 1.04  2.81 0.36  2.24 0.68
DHV14_4kwtC2_ali_4jhxA1_aF2 0.71 1.02 0.18  3.28 0.94  2.81 0.42  2.34 0.71
DHV15_3agnA1_ali_3agoA2_aF2 0.73 0.41 0.29  7.56 1.60  7.06 1.00  5.97 0.79
DHV15_3agnA1_ali_3ahwA3_aF2 0.78 1.63 1.31  6.95 1.56  5.86 1.02  5.39 0.78
DHV15_3agoA2_ali_3agnA1_aF2 0.67 0.41 0.29  7.56 1.26  7.07 0.69  6.30 0.83
DHV15_3agoA2_ali_3ahwA3_aF2 0.71 1.66 1.37  5.52 2.10  4.86 1.09  3.41 0.62
DHV15_3ahwA3_ali_3agnA1_aF2 0.73 1.63 1.31  6.95 1.38  5.85 0.84  5.57 0.80
DHV15_3ahwA3_ali_3agoA2_aF2 0.67 1.66 1.37  5.52 1.20  4.87 0.94  4.32 0.78
DHV16_1a4uB1_ali_1b16B2_aF2 0.57 0.26 0.18  3.60 1.43  2.42 0.79  2.18 0.60
DHV16_1a4uB1_ali_1sbyB2_aF2 0.54 0.22 0.13  3.59 1.20  2.40 0.51  2.39 0.67
DHV16_1b16B2_ali_1a4uB1_aF2 0.57 0.26 0.18  3.60 1.23  2.42 0.62  2.37 0.66
DHV16_1b16B2_ali_1b2lA3_aF2 0.71 0.27 0.09  4.14 1.47  3.28 0.65  2.67 0.64
DHV16_1b2lA3_ali_1b16B2_aF2 0.70 0.27 0.09  4.15 1.99  3.29 1.13  2.16 0.52
DHV16_1b2lA3_ali_1sbyB2_aF2 0.71 0.30 0.08  3.84 1.23  3.21 0.52  2.61 0.68
DHV16_1sbyB2_ali_1a4uB1_aF2 0.53 0.22 0.13  3.58 1.20  2.39 0.52  2.38 0.66
DHV16_1sbyB2_ali_1b2lA3_aF2 0.69 0.30 0.08  3.83 1.27  3.20 0.48  2.56 0.67
DHV17_3hszA1_ali_3ht0A2_aF2 0.84 0.87 0.74 13.00 2.09 11.56 1.18 10.91 0.84
DHV17_3ht0A2_ali_3hszA1_aF2 0.83 0.87 0.74 13.01 1.98 11.57 1.29 11.03 0.85
DHV18_3m7wD1_ali_4guiB2_aF2 0.77 0.82 0.38  4.70 0.82  3.82 0.43  3.88 0.83
DHV18_3m7wD1_ali_4gujB2_aF2 0.79 0.78 0.37  4.82 0.82  3.96 0.41  4.01 0.83
DHV18_3oexB1_ali_4guiB2_aF2 0.76 0.63 0.38  5.01 0.88  4.01 0.45  4.13 0.82
DHV18_3oexB1_ali_4gujB2_aF2 0.77 0.51 0.33  5.13 0.92  4.16 0.44  4.21 0.82
DHV18_4gfsA1_ali_4guiB2_aF2 0.84 0.85 0.67  4.89 0.71  4.09 0.39  4.18 0.85
DHV18_4gfsA1_ali_4gujB2_aF2 0.84 0.78 0.64  5.09 0.95  4.24 0.44  4.14 0.81
DHV18_4guiB2_ali_3m7wD1_aF2 0.77 0.82 0.38  4.70 0.84  3.82 0.35  3.85 0.82
DHV18_4guiB2_ali_3oexB1_aF2 0.76 0.63 0.38  5.01 0.90  4.01 0.41  4.11 0.82
DHV18_4guiB2_ali_4gfsA1_aF2 0.83 0.85 0.67  4.89 0.70  4.08 0.34  4.19 0.86
DHV18_4gujB2_ali_3m7wD1_aF2 0.81 0.78 0.37  4.81 0.83  3.95 0.38  3.99 0.83
DHV18_4gujB2_ali_3oexB1_aF2 0.80 0.51 0.33  5.13 0.94  4.16 0.40  4.18 0.82
DHV18_4gujB2_ali_4gfsA1_aF2 0.85 0.78 0.64  5.08 0.94  4.24 0.43  4.13 0.81
DHV19_1dg3A1_ali_1f5nA2_aF2 0.79 1.21 0.84  5.50 2.27  4.48 1.51  3.23 0.59
DHV19_1f5nA2_ali_1dg3A1_aF2 0.80 1.21 0.84  5.51 2.20  4.49 1.20  3.30 0.60
DHV20_3phgA1_ali_3phhA2_aF2 0.75 0.48 0.27  3.86 1.24  3.27 0.65  2.62 0.68
DHV20_3phhA2_ali_3phgA1_aF2 0.63 0.48 0.27  3.85 0.80  3.26 0.28  3.05 0.79
DHV21_3d05A1_ali_3d06A2_aF2 0.68 0.12 0.10  5.45 0.90  4.33 0.49  4.55 0.84
DHV21_3d06A2_ali_3d05A1_aF2 0.69 0.12 0.10  5.45 0.91  4.33 0.48  4.54 0.83
DHV22_3v0dB1_ali_3v0fA2_aF2 0.79 0.36 0.26  7.28 1.78  6.89 1.14  5.50 0.76
DHV22_3v0dB1_ali_3v0hB3_aF2 0.87 0.57 0.50  8.68 1.79  8.89 1.11  6.89 0.79
DHV22_3v0fA2_ali_3v0dB1_aF2 0.81 0.36 0.26  7.29 1.62  6.89 0.94  5.67 0.78
DHV22_3v0fA2_ali_3v0gB1_aF2 0.77 0.61 0.50  8.09 1.79  7.31 1.00  6.30 0.78
DHV22_3v0fA2_ali_3v0hB3_aF2 0.87 0.80 0.70  9.56 2.23  8.90 1.38  7.33 0.77
DHV22_3v0gB1_ali_3v0fA2_aF2 0.75 0.61 0.50  8.08 2.11  7.31 1.16  5.97 0.74
DHV22_3v0gB1_ali_3v0hB3_aF2 0.85 0.42 0.36  8.65 2.33  8.69 1.26  6.31 0.73
DHV22_3v0hB3_ali_3v0dB1_aF2 0.85 0.57 0.50  8.69 2.09  8.90 1.27  6.59 0.76
DHV22_3v0hB3_ali_3v0fA2_aF2 0.87 0.80 0.70  9.58 2.75  8.93 1.44  6.83 0.71
DHV22_3v0hB3_ali_3v0gB1_aF2 0.85 0.42 0.36  8.64 1.63  8.69 0.89  7.01 0.81
DHV23_4mxrB1_ali_4myfA2_aF2 0.88 0.73 0.60  3.38 1.06  3.20 0.56  2.32 0.69
DHV23_4mxrB1_ali_4mykA2_aF2 0.88 0.86 0.73  4.09 1.41  3.32 0.64  2.68 0.65
DHV23_4mxrB1_ali_4mylA2_aF2 0.86 0.74 0.62  3.59 1.18  3.03 0.65  2.41 0.67
DHV23_4myfA2_ali_4mxrB1_aF2 0.89 0.73 0.60  3.36 1.14  3.19 0.64  2.23 0.66
DHV23_4mykA2_ali_4mxrB1_aF2 0.89 0.86 0.73  4.07 1.40  3.31 0.71  2.67 0.66
DHV23_4mylA2_ali_4mxrB1_aF2 0.89 0.74 0.62  3.59 1.31  3.03 0.73  2.28 0.63
DHV24_2ce2X1_ali_2cl6X3_aF2 0.69 2.16 1.73  4.29 1.53  3.13 0.96  2.76 0.64
DHV24_2cl0X2_ali_2ce2X1_aF2 0.62 2.16 1.68  3.37 1.09  2.30 0.63  2.28 0.68
DHV24_2cl0X2_ali_2cl6X3_aF2 0.68 0.95 0.90  3.84 1.15  2.64 0.39  2.69 0.70
DHV24_2cl6X3_ali_2ce2X1_aF2 0.69 2.16 1.73  4.29 1.31  3.13 0.69  2.98 0.69
DHV24_2cl6X3_ali_2cl0X2_aF2 0.74 0.95 0.90  3.84 1.10  2.63 0.47  2.73 0.71
DHV24_2cl6X3_ali_2cl7X4_aF2 0.70 0.58 0.45  3.63 1.23  2.32 0.49  2.39 0.66
DHV24_2cl6X3_ali_2clcX4_aF2 0.72 0.59 0.43  3.77 1.24  2.37 0.53  2.53 0.67
DHV24_2cl6X3_ali_2evwX4_aF2 0.65 0.46 0.41  3.52 1.36  2.19 0.70  2.16 0.61
DHV24_2cl7X4_ali_2cl6X3_aF2 0.64 0.58 0.45  3.63 1.32  2.32 0.64  2.31 0.64
DHV24_2clcX4_ali_2cl6X3_aF2 0.69 0.59 0.43  3.78 1.20  2.39 0.51  2.58 0.68
DHV24_2evwX4_ali_2ce2X1_aF2 0.57 2.19 1.73  3.25 1.13  2.30 0.62  2.11 0.65
DHV24_2evwX4_ali_2cl6X3_aF2 0.53 0.46 0.41  3.52 1.20  2.19 0.44  2.32 0.66
DHV25_1gqyB1_ali_1p31B2_aF2 0.85 1.04 0.93 10.93 2.04 10.01 1.59  8.89 0.81
DHV25_1gqyB1_ali_1p3dA2_aF2 0.85 1.03 0.95 10.92 2.97  9.99 2.29  7.95 0.73
DHV25_1p31B2_ali_1gqyB1_aF2 0.78 1.04 0.93 10.92 2.02 10.00 1.60  8.90 0.82
DHV25_1p3dA2_ali_1gqyB1_aF2 0.78 1.03 0.95 10.92 2.00  9.98 1.58  8.91 0.82
DHV26_2rbtX1_ali_2rbuX2_aF2 0.81 0.15 0.13  4.40 0.73  5.23 0.49  3.67 0.83
DHV26_2rbtX1_ali_2rbwX3_aF2 0.67 0.77 0.69  3.17 0.98  3.65 0.67  2.19 0.69
DHV26_2rbtX1_ali_2rc2X3_aF2 0.65 0.43 0.35  3.10 0.97  3.58 0.63  2.13 0.69
DHV26_2rbuX2_ali_2rbtX1_aF2 0.75 0.15 0.13  4.39 0.66  5.22 0.47  3.73 0.85
DHV26_2rbuX2_ali_2rbvX1_aF2 0.75 0.29 0.28  4.37 0.65  5.20 0.47  3.72 0.85
DHV26_2rbuX2_ali_2rbwX3_aF2 0.87 0.76 0.67  2.60 0.55  2.80 0.39  2.05 0.79
DHV26_2rbuX2_ali_2rbxX1_aF2 0.74 0.15 0.11  4.47 0.69  5.33 0.52  3.78 0.85
DHV26_2rbuX2_ali_2rbyX1_aF2 0.75 0.18 0.14  4.42 0.66  5.27 0.48  3.76 0.85
DHV26_2rbuX2_ali_2rbzX1_aF2 0.75 0.18 0.13  4.48 0.68  5.35 0.50  3.81 0.85
DHV26_2rbuX2_ali_2rc0X1_aF2 0.74 0.16 0.10  4.47 0.69  5.32 0.51  3.78 0.85
DHV26_2rbvX1_ali_2rbuX2_aF2 0.81 0.29 0.28  4.37 0.73  5.21 0.49  3.64 0.83
DHV26_2rbvX1_ali_2rbwX3_aF2 0.66 0.69 0.63  3.12 0.97  3.59 0.65  2.15 0.69
DHV26_2rbvX1_ali_2rc2X3_aF2 0.64 0.52 0.48  3.06 0.97  3.52 0.62  2.09 0.68
DHV26_2rbwX3_ali_2rbtX1_aF2 0.69 0.77 0.69  3.17 0.65  3.65 0.50  2.52 0.79
DHV26_2rbwX3_ali_2rbvX1_aF2 0.68 0.69 0.63  3.12 0.64  3.59 0.49  2.48 0.79
DHV26_2rbwX3_ali_2rbxX1_aF2 0.69 0.76 0.67  3.25 0.65  3.78 0.52  2.61 0.80
DHV26_2rbwX3_ali_2rbyX1_aF2 0.69 0.76 0.67  3.23 0.66  3.72 0.52  2.56 0.79
DHV26_2rbwX3_ali_2rbzX1_aF2 0.69 0.72 0.64  3.23 0.65  3.76 0.49  2.59 0.80
DHV26_2rbwX3_ali_2rc0X1_aF2 0.69 0.75 0.67  3.24 0.67  3.78 0.55  2.57 0.79
DHV26_2rbxX1_ali_2rbuX2_aF2 0.81 0.15 0.11  4.47 0.75  5.34 0.54  3.72 0.83
DHV26_2rbxX1_ali_2rbwX3_aF2 0.67 0.76 0.67  3.25 0.98  3.77 0.68  2.27 0.70
DHV26_2rbxX1_ali_2rc2X3_aF2 0.65 0.42 0.34  3.18 0.97  3.71 0.64  2.22 0.70
DHV26_2rbyX1_ali_2rbuX2_aF2 0.81 0.18 0.14  4.43 0.74  5.28 0.51  3.69 0.83
DHV26_2rbyX1_ali_2rbwX3_aF2 0.67 0.76 0.67  3.23 0.99  3.72 0.68  2.24 0.69
DHV26_2rbyX1_ali_2rc2X3_aF2 0.65 0.43 0.35  3.14 0.97  3.64 0.64  2.17 0.69
DHV26_2rbzX1_ali_2rbuX2_aF2 0.82 0.18 0.13  4.49 0.74  5.36 0.53  3.75 0.83
DHV26_2rbzX1_ali_2rbwX3_aF2 0.68 0.72 0.64  3.23 0.97  3.76 0.66  2.26 0.70
DHV26_2rbzX1_ali_2rc2X3_aF2 0.66 0.35 0.28  3.17 0.96  3.69 0.63  2.21 0.70
DHV26_2rc0X1_ali_2rbuX2_aF2 0.81 0.16 0.10  4.47 0.76  5.33 0.50  3.71 0.83
DHV26_2rc0X1_ali_2rbwX3_aF2 0.68 0.75 0.67  3.24 0.98  3.77 0.69  2.26 0.70
DHV26_2rc0X1_ali_2rc2X3_aF2 0.67 0.41 0.33  3.17 0.96  3.70 0.65  2.20 0.70
DHV26_2rc2X3_ali_2rbtX1_aF2 0.67 0.43 0.35  3.10 0.63  3.57 0.48  2.46 0.80
DHV26_2rc2X3_ali_2rbvX1_aF2 0.66 0.52 0.48  3.06 0.63  3.52 0.48  2.43 0.79
DHV26_2rc2X3_ali_2rbxX1_aF2 0.67 0.42 0.34  3.19 0.63  3.71 0.50  2.56 0.80
DHV26_2rc2X3_ali_2rbyX1_aF2 0.67 0.43 0.35  3.14 0.63  3.64 0.49  2.51 0.80
DHV26_2rc2X3_ali_2rbzX1_aF2 0.68 0.35 0.28  3.17 0.63  3.70 0.47  2.54 0.80
DHV26_2rc2X3_ali_2rc0X1_aF2 0.67 0.41 0.33  3.17 0.64  3.70 0.52  2.52 0.80
DHV27_5ktaA1_ali_5ktcA2_aF2 0.83 0.70 0.47  8.49 1.50  7.47 0.99  6.99 0.82
DHV27_5ktaA1_ali_5ktdA2_aF2 0.83 0.68 0.46  8.42 1.50  7.40 1.00  6.92 0.82
DHV27_5ktcA2_ali_5ktaA1_aF2 0.84 0.70 0.47  8.50 1.28  7.47 0.88  7.21 0.85
DHV27_5ktdA2_ali_5ktaA1_aF2 0.84 0.68 0.46  8.42 1.26  7.40 0.84  7.16 0.85
DHV29_3illA1_ali_3iloA2_aF2 0.76 1.07 0.79  8.15 2.11  5.01 1.50  6.03 0.74
DHV29_3iloA2_ali_3illA1_aF2 0.76 1.07 0.79  8.15 2.08  5.02 1.14  6.07 0.75
DHV30_2xguA1_ali_2xgyA2_aF2 0.95 1.67 1.17  7.54 1.07  7.66 0.69  6.47 0.86
DHV30_2xgyA2_ali_2xguA1_aF2 0.94 1.67 1.17  7.57 1.28  7.69 0.88  6.29 0.83
#---------------------------------------------------------------------
#Avg(174):                  0.77 0.73 0.56  5.33 1.34  4.72 0.77  4.00 0.74
#Sig(174):                  0.10 0.50 0.41  2.20 0.53  2.04 0.36  1.87 0.08
#Med(174):                  0.78 0.61 0.43  4.47 1.23  4.08 0.67  3.65 0.74
