# Morphing                 Delta0    RmsdA   RmsdA2    RmsdI    RmsdINCAC   RmsdF    RmsdNCAC    RmsdD   Motion N_res N_dh
# ---------------------------------------------------------------------------------------------------------
DHV01_3iu1B1_ali_3iu2A2_aF2x  0.68 0.46 0.38 4.16 0.98 3.16 0.46      3.17 0.76 10 28
DHV01_3iu1B1_ali_3iweA2_aF2x  0.71 0.46 0.41 4.25 0.84 3.34 0.52      3.40 0.80 10 28
DHV01_3iu1B1_ali_3jtkA2_aF2x  0.70 0.55 0.43 4.29 0.97 3.34 0.50      3.32 0.77 10 28
DHV01_3iu2A2_ali_3iu1B1_aF2x  0.77 0.46 0.38 4.16 1.02 3.17 0.58      3.13 0.75 10 28
DHV01_3iu2A2_ali_3iweA2_aF2x  0.52 0.18 0.13 0.75 0.63 0.41 0.21      0.11 0.15 10 28
DHV01_3iu2A2_ali_3jtkA2_aF2x  0.72 0.25 0.17 0.67 0.44 0.47 0.25      0.24 0.35 10 28
DHV01_3iweA2_ali_3iu1B1_aF2x  0.78 0.46 0.41 4.25 1.00 3.35 0.79      3.25 0.76 10 28
DHV01_3iweA2_ali_3iu2A2_aF2x  0.48 0.18 0.13 0.75 0.66 0.41 0.29      0.08 0.11 10 28
DHV01_3iweA2_ali_3jtkA2_aF2x  0.40 0.20 0.08 0.69 0.63 0.19 0.13      0.05 0.08 10 28
DHV01_3jtkA2_ali_3iu1B1_aF2x  0.78 0.55 0.43 4.29 1.14 3.35 0.77      3.16 0.73 10 28
DHV01_3jtkA2_ali_3iu2A2_aF2x  0.64 0.25 0.17 0.68 0.55 0.47 0.39      0.13 0.19 10 28
DHV01_3jtkA2_ali_3iweA2_aF2x  0.41 0.20 0.08 0.69 0.63 0.19 0.13      0.06 0.08 10 28
DHV02_4hidA1_ali_4hikA1_aF2x  0.70 0.71 0.69 1.92 0.98 0.77 0.60      0.95 0.49 10 28
DHV02_4hidA1_ali_4himA1_aF2x  0.69 0.66 0.63 1.92 1.01 0.65 0.60      0.91 0.47 10 28
DHV02_4hidA1_ali_4hioA1_aF2x  0.64 0.59 0.56 0.92 0.60 0.39 0.21      0.32 0.35 10 28
DHV02_4hidA1_ali_4hj7A2_aF2x  0.68 0.78 0.65 3.48 0.82 2.39 0.48      2.66 0.76 10 28
DHV02_4hidA1_ali_4hj9A1_aF2x  0.70 0.69 0.66 1.58 0.61 0.67 0.43      0.98 0.62 10 28
DHV02_4hikA1_ali_4hidA1_aF2x  0.73 0.71 0.69 1.92 0.76 0.77 0.43      1.17 0.61 10 28
DHV02_4hikA1_ali_4himA1_aF2x  0.80 0.20 0.18 0.28 0.17 0.23 0.13      0.11 0.39 10 28
DHV02_4hikA1_ali_4hioA1_aF2x  0.76 0.34 0.31 1.92 0.81 0.66 0.40      1.11 0.58 10 28
DHV02_4hikA1_ali_4hj7A2_aF2x  0.63 0.47 0.17 3.25 1.09 2.51 0.63      2.16 0.67 10 28
DHV02_4hikA1_ali_4hj9A1_aF2x  0.70 0.16 0.12 0.92 0.60 0.22 0.27      0.32 0.35 10 28
DHV02_4himA1_ali_4hidA1_aF2x  0.73 0.66 0.63 1.92 0.78 0.65 0.43      1.14 0.59 10 28
DHV02_4himA1_ali_4hikA1_aF2x  0.82 0.20 0.18 0.29 0.18 0.23 0.14      0.11 0.37 10 28
DHV02_4himA1_ali_4hioA1_aF2x  0.77 0.34 0.28 1.92 0.84 0.62 0.41      1.09 0.56 10 28
DHV02_4himA1_ali_4hj7A2_aF2x  0.64 0.50 0.20 3.24 1.15 2.48 0.70      2.09 0.65 10 28
DHV02_4himA1_ali_4hj9A1_aF2x  0.72 0.21 0.18 0.96 0.62 0.23 0.29      0.34 0.35 10 28
DHV02_4hioA1_ali_4hidA1_aF2x  0.60 0.59 0.56 0.91 0.63 0.38 0.13      0.29 0.31 10 28
DHV02_4hioA1_ali_4hikA1_aF2x  0.76 0.34 0.31 1.91 0.88 0.65 0.49      1.02 0.54 10 28
DHV02_4hioA1_ali_4himA1_aF2x  0.76 0.34 0.28 1.92 0.92 0.62 0.50      1.00 0.52 10 28
DHV02_4hioA1_ali_4hj7A2_aF2x  0.70 0.46 0.28 3.64 0.88 2.62 0.46      2.76 0.76 10 28
DHV02_4hioA1_ali_4hj9A1_aF2x  0.74 0.32 0.27 1.60 0.60 0.61 0.31      1.00 0.62 10 28
DHV02_4hj7A2_ali_4hidA1_aF2x  0.67 0.78 0.65 3.48 0.80 2.40 0.42      2.68 0.77 10 28
DHV02_4hj7A2_ali_4hikA1_aF2x  0.63 0.47 0.17 3.25 0.72 2.52 0.36      2.53 0.78 10 28
DHV02_4hj7A2_ali_4himA1_aF2x  0.62 0.50 0.20 3.24 0.74 2.48 0.38      2.50 0.77 10 28
DHV02_4hj7A2_ali_4hioA1_aF2x  0.72 0.46 0.28 3.64 0.76 2.62 0.31      2.88 0.79 10 28
DHV02_4hj7A2_ali_4hj9A1_aF2x  0.65 0.40 0.15 3.24 0.62 2.43 0.25      2.62 0.81 10 28
DHV02_4hj9A1_ali_4hidA1_aF2x  0.71 0.69 0.66 1.59 0.58 0.68 0.33      1.01 0.63 10 28
DHV02_4hj9A1_ali_4hikA1_aF2x  0.72 0.16 0.12 0.92 0.62 0.22 0.31      0.30 0.33 10 28
DHV02_4hj9A1_ali_4himA1_aF2x  0.72 0.21 0.18 0.96 0.66 0.24 0.33      0.30 0.31 10 28
DHV02_4hj9A1_ali_4hioA1_aF2x  0.72 0.32 0.27 1.60 0.58 0.62 0.28      1.02 0.64 10 28
DHV02_4hj9A1_ali_4hj7A2_aF2x  0.66 0.40 0.15 3.24 0.77 2.43 0.31      2.48 0.76 10 28
DHV03_4kfrB1_ali_4kfuA2_aF2x  0.85 1.81 1.35 6.87 1.10 5.10 0.99      5.77 0.84 10 29
DHV03_4kfuA2_ali_4kfrB1_aF2x  0.85 1.81 1.35 6.87 1.04 5.10 0.76      5.83 0.85 10 29
DHV04_3waeA1_ali_3wafB2_aF2x  0.81 0.55 0.32 4.16 0.82 3.28 0.43      3.33 0.80 10 26
DHV04_3wafB2_ali_3waeA1_aF2x  0.84 0.55 0.32 4.15 1.31 3.28 0.77      2.84 0.68 10 26
DHV05_3mp6A1_ali_3mp8A2_aF2x  0.78 0.89 0.78 5.18 2.11 4.88 1.64      3.07 0.59 10 24
DHV05_3mp8A2_ali_3mp6A1_aF2x  0.77 0.89 0.78 5.18 1.39 4.88 0.87      3.80 0.73 10 24
DHV06_1xbbA1_ali_4fyoA2_aF2x  0.86 1.10 0.76 2.82 0.95 2.29 0.55      1.86 0.66 11 30
DHV06_1xbbA1_ali_4i0sA2_aF2x  0.87 1.20 0.55 2.95 0.67 2.53 0.51      2.28 0.77 11 30
DHV06_1xbbA1_ali_4i0tA2_aF2x  0.68 0.96 0.72 3.21 1.20 2.05 1.00      2.01 0.63 11 30
DHV06_4fyoA2_ali_1xbbA1_aF2x  0.84 1.10 0.76 2.81 0.88 2.29 0.63      1.93 0.69 11 30
DHV06_4fyoA2_ali_4i0sA2_aF2x  0.75 0.68 0.61 1.36 0.67 0.72 0.24      0.68 0.50 11 30
DHV06_4fyoA2_ali_4i0tA2_aF2x  0.76 0.57 0.43 2.96 1.08 1.72 0.89      1.87 0.63 11 30
DHV06_4i0sA2_ali_1xbbA1_aF2x  0.87 1.20 0.55 2.95 0.75 2.52 0.52      2.19 0.74 11 30
DHV06_4i0sA2_ali_4fyoA2_aF2x  0.63 0.68 0.61 1.36 0.60 0.72 0.27      0.76 0.56 11 30
DHV06_4i0sA2_ali_4i0tA2_aF2x  0.71 0.96 0.74 3.51 1.21 2.20 1.10      2.30 0.66 11 30
DHV06_4i0tA2_ali_1xbbA1_aF2x  0.78 0.96 0.72 3.21 1.34 2.05 1.04      1.87 0.58 11 30
DHV06_4i0tA2_ali_4fyoA2_aF2x  0.76 0.57 0.43 2.96 1.30 1.72 0.89      1.66 0.56 11 30
DHV06_4i0tA2_ali_4i0sA2_aF2x  0.75 0.96 0.74 3.51 1.45 2.20 1.38      2.06 0.59 11 30
DHV07_3n4fA1_ali_3qpeD2_aF2x  0.84 0.99 0.93 5.86 0.62 4.25 0.36      5.25 0.89 11 29
DHV07_3n4fA1_ali_3vccA2_aF2x  0.85 1.01 0.92 5.95 0.61 4.33 0.45      5.34 0.90 11 29
DHV07_3qpeD2_ali_3n4fA1_aF2x  0.85 0.99 0.93 5.87 0.88 4.25 0.78      4.99 0.85 11 29
DHV07_3qpeD2_ali_3vccA2_aF2x  0.86 0.17 0.11 0.25 0.14 0.23 0.10      0.11 0.45 11 29
DHV07_3vccA2_ali_3n4fA1_aF2x  0.85 1.01 0.92 5.94 0.88 4.32 0.78      5.07 0.85 11 29
DHV07_3vccA2_ali_3qpeD2_aF2x  0.85 0.17 0.11 0.25 0.13 0.23 0.09      0.12 0.47 11 29
DHV08_2vovA1_ali_2voxA2_aF2x  0.68 0.50 0.32 4.37 0.50 3.13 0.38      3.87 0.89 11 28
DHV08_2voxA2_ali_2vovA1_aF2x  0.74 0.50 0.32 4.37 0.48 3.13 0.39      3.89 0.89 11 28
DHV09_2q9fA1_ali_3mdmA2_aF2x  0.85 2.73 2.18 8.37 2.15 6.50 1.95      6.22 0.74 11 29
DHV09_3mdmA2_ali_2q9fA1_aF2x  0.78 2.73 2.18 8.37 2.78 6.51 2.47      5.59 0.67 11 29
DHV10_3irsC1_ali_3k4wL2_aF2x  0.86 0.83 0.44 5.04 1.14 4.32 0.75      3.90 0.77 11 31
DHV10_3k4wL2_ali_3irsC1_aF2x  0.89 0.83 0.44 5.00 1.07 4.28 0.68      3.93 0.79 11 31
DHV11_3gnoA1_ali_3gnpA1_aF2x  0.78 0.22 0.12 5.09 0.64 4.27 0.27      4.45 0.88 12 35
DHV11_3gnoA1_ali_3gnrA2_aF2x  0.51 0.10 0.05 0.73 0.46 0.14 0.08      0.27 0.37 12 35
DHV11_3gnpA1_ali_3gnoA1_aF2x  0.79 0.22 0.12 5.09 0.78 4.28 0.40      4.31 0.85 12 35
DHV11_3gnpA1_ali_3gnrA2_aF2x  0.81 0.26 0.12 4.97 0.78 4.27 0.42      4.19 0.84 12 35
DHV11_3gnrA2_ali_3gnoA1_aF2x  0.58 0.10 0.05 0.73 0.44 0.14 0.12      0.29 0.39 12 35
DHV11_3gnrA2_ali_3gnpA1_aF2x  0.80 0.27 0.12 4.97 0.69 4.28 0.40      4.29 0.86 12 35
DHV12_4fj7A1_ali_4fj9A1_aF2x  0.59 0.42 0.41 0.44 0.37 0.21 0.07      0.07 0.16 12 35
DHV12_4fj7A1_ali_4fjjA1_aF2x  0.39 0.16 0.11 0.55 0.52 0.16 0.08      0.03 0.06 12 35
DHV12_4fj7A1_ali_4fjlA1_aF2x  0.90 0.62 0.41 2.15 0.64 1.49 0.27      1.52 0.70 12 35
DHV12_4fj7A1_ali_4fjnA2_aF2x  0.92 0.48 0.34 7.10 1.19 6.10 0.80      5.91 0.83 12 35
DHV12_4fj7A1_ali_4fk2A1_aF2x  0.94 1.71 1.34 3.04 1.05 2.74 0.76      1.99 0.65 12 35
DHV12_4fj7A1_ali_4fk4A1_aF2x  0.77 0.24 0.19 1.13 0.58 0.45 0.14      0.56 0.49 12 35
DHV12_4fj7A1_ali_4m3tA1_aF2x  0.76 0.15 0.12 1.69 0.26 0.33 0.15      1.43 0.85 12 35
DHV12_4fj7A1_ali_4m3yA1_aF2x  0.81 0.34 0.23 1.14 0.61 0.66 0.16      0.53 0.47 12 35
DHV12_4fj7A1_ali_4m3zA1_aF2x  0.74 0.20 0.15 1.61 0.54 0.39 0.12      1.08 0.67 12 35
DHV12_4fj7A1_ali_4m45A1_aF2x  0.84 0.58 0.42 2.41 0.89 1.91 0.31      1.52 0.63 12 35
DHV12_4fj9A1_ali_4fj7A1_aF2x  0.59 0.42 0.41 0.45 0.37 0.22 0.07      0.08 0.17 12 35
DHV12_4fj9A1_ali_4fjjA1_aF2x  0.61 0.50 0.47 0.72 0.59 0.38 0.09      0.14 0.19 12 35
DHV12_4fj9A1_ali_4fjlA1_aF2x  0.91 0.79 0.62 2.31 0.73 1.64 0.27      1.58 0.69 12 35
DHV12_4fj9A1_ali_4fjnA2_aF2x  0.91 0.71 0.60 7.00 1.20 5.98 0.78      5.80 0.83 12 35
DHV12_4fj9A1_ali_4fk2A1_aF2x  0.94 1.69 1.36 2.89 1.03 2.59 0.70      1.86 0.64 12 35
DHV12_4fj9A1_ali_4fk4A1_aF2x  0.78 0.54 0.51 1.22 0.64 0.59 0.15      0.58 0.48 12 35
DHV12_4fj9A1_ali_4m3tA1_aF2x  0.75 0.46 0.44 1.62 0.39 0.36 0.17      1.23 0.76 12 35
DHV12_4fj9A1_ali_4m3yA1_aF2x  0.84 0.62 0.54 1.26 0.65 0.85 0.20      0.61 0.48 12 35
DHV12_4fj9A1_ali_4m3zA1_aF2x  0.74 0.55 0.51 1.61 0.61 0.55 0.15      1.00 0.62 12 35
DHV12_4fj9A1_ali_4m45A1_aF2x  0.87 0.76 0.61 2.55 0.87 2.11 0.33      1.68 0.66 12 35
DHV12_4fjjA1_ali_4fj7A1_aF2x  0.40 0.16 0.11 0.55 0.52 0.16 0.07      0.03 0.06 12 35
DHV12_4fjjA1_ali_4fj9A1_aF2x  0.61 0.50 0.47 0.71 0.58 0.36 0.09      0.13 0.18 12 35
DHV12_4fjjA1_ali_4fjlA1_aF2x  0.92 0.65 0.42 2.06 0.44 1.44 0.30      1.62 0.79 12 35
DHV12_4fjjA1_ali_4fjnA2_aF2x  0.91 0.52 0.35 7.21 1.08 6.19 0.78      6.13 0.85 12 35
DHV12_4fjjA1_ali_4fk2A1_aF2x  0.96 1.75 1.34 3.08 0.93 2.81 0.78      2.15 0.70 12 35
DHV12_4fjjA1_ali_4fk4A1_aF2x  0.88 0.25 0.16 1.04 0.27 0.42 0.11      0.77 0.74 12 35
DHV12_4fjjA1_ali_4m3tA1_aF2x  0.76 0.15 0.10 1.75 0.52 0.36 0.16      1.23 0.70 12 35
DHV12_4fjjA1_ali_4m3yA1_aF2x  0.91 0.36 0.22 0.99 0.33 0.58 0.18      0.66 0.66 12 35
DHV12_4fjjA1_ali_4m3zA1_aF2x  0.79 0.19 0.11 1.68 0.17 0.33 0.15      1.51 0.90 12 35
DHV12_4fjjA1_ali_4m45A1_aF2x  0.84 0.57 0.42 2.29 0.78 1.79 0.39      1.52 0.66 12 35
DHV12_4fjlA1_ali_4fj7A1_aF2x  0.92 0.62 0.41 2.15 0.61 1.49 0.23      1.54 0.72 12 35
DHV12_4fjlA1_ali_4fj9A1_aF2x  0.91 0.79 0.62 2.31 0.70 1.64 0.24      1.61 0.70 12 35
DHV12_4fjlA1_ali_4fjjA1_aF2x  0.94 0.65 0.42 2.07 0.40 1.44 0.26      1.67 0.81 12 35
DHV12_4fjlA1_ali_4fjnA2_aF2x  0.93 0.31 0.24 8.46 1.09 7.30 0.78      7.38 0.87 12 35
DHV12_4fjlA1_ali_4fk2A1_aF2x  0.91 1.47 1.19 2.28 0.75 2.12 0.55      1.53 0.67 12 35
DHV12_4fjlA1_ali_4fk4A1_aF2x  0.91 0.48 0.29 1.83 0.35 1.21 0.20      1.48 0.81 12 35
DHV12_4fjlA1_ali_4m3tA1_aF2x  0.86 0.67 0.43 3.04 0.57 1.68 0.26      2.47 0.81 12 35
DHV12_4fjlA1_ali_4m3yA1_aF2x  0.87 0.43 0.25 1.78 0.38 1.01 0.18      1.40 0.79 12 35
DHV12_4fjlA1_ali_4m3zA1_aF2x  0.83 0.54 0.34 2.78 0.30 1.27 0.20      2.48 0.89 12 35
DHV12_4fjlA1_ali_4m45A1_aF2x  0.70 0.38 0.25 2.27 0.72 1.14 0.32      1.54 0.68 12 35
DHV12_4fjnA2_ali_4fj7A1_aF2x  0.92 0.48 0.34 7.09 1.15 6.10 0.74      5.94 0.84 12 35
DHV12_4fjnA2_ali_4fj9A1_aF2x  0.92 0.71 0.60 6.99 1.14 5.98 0.72      5.84 0.84 12 35
DHV12_4fjnA2_ali_4fjjA1_aF2x  0.92 0.52 0.35 7.20 0.97 6.18 0.61      6.24 0.87 12 35
DHV12_4fjnA2_ali_4fjlA1_aF2x  0.93 0.31 0.24 8.46 1.15 7.30 0.72      7.31 0.86 12 35
DHV12_4fjnA2_ali_4fk2A1_aF2x  0.93 1.53 1.26 8.95 1.37 8.04 1.13      7.58 0.85 12 35
DHV12_4fjnA2_ali_4fk4A1_aF2x  0.92 0.37 0.25 7.50 0.94 6.33 0.60      6.55 0.87 12 35
DHV12_4fjnA2_ali_4m3tA1_aF2x  0.93 0.53 0.37 6.65 1.03 5.90 0.56      5.62 0.85 12 35
DHV12_4fjnA2_ali_4m3yA1_aF2x  0.92 0.30 0.23 7.77 0.99 6.66 0.63      6.78 0.87 12 35
DHV12_4fjnA2_ali_4m3zA1_aF2x  0.93 0.39 0.27 7.07 0.95 6.36 0.62      6.12 0.87 12 35
DHV12_4fjnA2_ali_4m45A1_aF2x  0.92 0.39 0.28 8.70 1.01 7.69 0.60      7.68 0.88 12 35
DHV12_4fk2A1_ali_4fj7A1_aF2x  0.94 1.71 1.34 3.07 0.87 2.76 0.65      2.21 0.72 12 35
DHV12_4fk2A1_ali_4fj9A1_aF2x  0.94 1.69 1.36 2.91 0.89 2.60 0.62      2.02 0.69 12 35
DHV12_4fk2A1_ali_4fjjA1_aF2x  0.96 1.75 1.34 3.09 0.74 2.81 0.69      2.36 0.76 12 35
DHV12_4fk2A1_ali_4fjlA1_aF2x  0.90 1.47 1.19 2.23 0.72 2.07 0.56      1.51 0.68 12 35
DHV12_4fk2A1_ali_4fjnA2_aF2x  0.92 1.53 1.26 8.97 1.38 8.06 1.07      7.59 0.85 12 35
DHV12_4fk2A1_ali_4fk4A1_aF2x  0.93 1.65 1.29 2.78 0.78 2.64 0.66      2.00 0.72 12 35
DHV12_4fk2A1_ali_4m3tA1_aF2x  0.90 1.72 1.33 3.55 0.91 2.95 0.70      2.64 0.74 12 35
DHV12_4fk2A1_ali_4m3yA1_aF2x  0.95 1.53 1.21 2.69 0.68 2.54 0.61      2.01 0.75 12 35
DHV12_4fk2A1_ali_4m3zA1_aF2x  0.90 1.67 1.31 3.25 0.71 2.64 0.66      2.54 0.78 12 35
DHV12_4fk2A1_ali_4m45A1_aF2x  0.90 1.76 1.38 3.14 0.90 2.74 0.58      2.24 0.71 12 35
DHV12_4fk4A1_ali_4fj7A1_aF2x  0.78 0.24 0.19 1.14 0.61 0.45 0.22      0.52 0.46 12 35
DHV12_4fk4A1_ali_4fj9A1_aF2x  0.79 0.54 0.51 1.22 0.66 0.59 0.21      0.56 0.46 12 35
DHV12_4fk4A1_ali_4fjjA1_aF2x  0.89 0.25 0.16 1.04 0.31 0.42 0.16      0.73 0.70 12 35
DHV12_4fk4A1_ali_4fjlA1_aF2x  0.94 0.48 0.29 1.83 0.39 1.21 0.24      1.44 0.79 12 35
DHV12_4fk4A1_ali_4fjnA2_aF2x  0.92 0.37 0.25 7.50 1.11 6.34 0.76      6.39 0.85 12 35
DHV12_4fk4A1_ali_4fk2A1_aF2x  0.94 1.65 1.29 2.77 0.99 2.63 0.78      1.78 0.64 12 35
DHV12_4fk4A1_ali_4m3tA1_aF2x  0.85 0.23 0.17 1.48 0.53 0.51 0.16      0.95 0.64 12 35
DHV12_4fk4A1_ali_4m3yA1_aF2x  0.76 0.22 0.13 0.70 0.42 0.45 0.18      0.28 0.40 12 35
DHV12_4fk4A1_ali_4m3zA1_aF2x  0.89 0.15 0.09 1.30 0.27 0.26 0.20      1.03 0.79 12 35
DHV12_4fk4A1_ali_4m45A1_aF2x  0.85 0.46 0.32 1.95 0.74 1.65 0.34      1.22 0.62 12 35
DHV12_4m3tA1_ali_4fj7A1_aF2x  0.77 0.15 0.12 1.68 0.30 0.33 0.17      1.37 0.82 12 35
DHV12_4m3tA1_ali_4fj9A1_aF2x  0.77 0.46 0.44 1.62 0.40 0.35 0.18      1.22 0.76 12 35
DHV12_4m3tA1_ali_4fjjA1_aF2x  0.77 0.15 0.10 1.75 0.54 0.36 0.17      1.20 0.69 12 35
DHV12_4m3tA1_ali_4fjlA1_aF2x  0.86 0.67 0.43 3.04 0.63 1.69 0.32      2.42 0.79 12 35
DHV12_4m3tA1_ali_4fjnA2_aF2x  0.93 0.53 0.37 6.66 1.24 5.90 0.86      5.42 0.81 12 35
DHV12_4m3tA1_ali_4fk2A1_aF2x  0.90 1.72 1.33 3.55 1.13 2.95 0.85      2.42 0.68 12 35
DHV12_4m3tA1_ali_4fk4A1_aF2x  0.86 0.23 0.17 1.48 0.53 0.52 0.14      0.96 0.64 12 35
DHV12_4m3tA1_ali_4m3yA1_aF2x  0.86 0.35 0.23 1.77 0.65 0.82 0.22      1.12 0.63 12 35
DHV12_4m3tA1_ali_4m3zA1_aF2x  0.72 0.19 0.14 0.75 0.52 0.49 0.12      0.23 0.31 12 35
DHV12_4m3tA1_ali_4m45A1_aF2x  0.90 0.62 0.44 2.68 0.91 2.03 0.38      1.77 0.66 12 35
DHV12_4m3yA1_ali_4fj7A1_aF2x  0.81 0.34 0.23 1.13 0.63 0.65 0.21      0.50 0.44 12 35
DHV12_4m3yA1_ali_4fj9A1_aF2x  0.83 0.62 0.54 1.26 0.67 0.85 0.23      0.59 0.47 12 35
DHV12_4m3yA1_ali_4fjjA1_aF2x  0.91 0.36 0.22 0.98 0.35 0.56 0.20      0.64 0.65 12 35
DHV12_4m3yA1_ali_4fjlA1_aF2x  0.87 0.43 0.25 1.78 0.38 1.01 0.18      1.40 0.78 12 35
DHV12_4m3yA1_ali_4fjnA2_aF2x  0.92 0.30 0.23 7.77 1.32 6.66 0.97      6.45 0.83 12 35
DHV12_4m3yA1_ali_4fk2A1_aF2x  0.95 1.53 1.21 2.67 0.87 2.52 0.70      1.80 0.68 12 35
DHV12_4m3yA1_ali_4fk4A1_aF2x  0.73 0.22 0.13 0.69 0.44 0.44 0.16      0.25 0.36 12 35
DHV12_4m3yA1_ali_4m3tA1_aF2x  0.85 0.35 0.23 1.77 0.63 0.82 0.21      1.14 0.64 12 35
DHV12_4m3yA1_ali_4m3zA1_aF2x  0.88 0.20 0.14 1.46 0.29 0.37 0.14      1.18 0.80 12 35
DHV12_4m3yA1_ali_4m45A1_aF2x  0.86 0.50 0.34 1.66 0.70 1.27 0.25      0.96 0.58 12 35
DHV12_4m3zA1_ali_4fj7A1_aF2x  0.74 0.20 0.15 1.60 0.58 0.39 0.17      1.02 0.64 12 35
DHV12_4m3zA1_ali_4fj9A1_aF2x  0.74 0.55 0.51 1.60 0.61 0.55 0.15      0.99 0.62 12 35
DHV12_4m3zA1_ali_4fjjA1_aF2x  0.80 0.19 0.11 1.67 0.23 0.33 0.15      1.43 0.86 12 35
DHV12_4m3zA1_ali_4fjlA1_aF2x  0.84 0.54 0.34 2.76 0.32 1.26 0.23      2.45 0.89 12 35
DHV12_4m3zA1_ali_4fjnA2_aF2x  0.93 0.39 0.27 7.08 1.25 6.37 0.92      5.84 0.82 12 35
DHV12_4m3zA1_ali_4fk2A1_aF2x  0.91 1.67 1.31 3.26 0.92 2.65 0.75      2.34 0.72 12 35
DHV12_4m3zA1_ali_4fk4A1_aF2x  0.88 0.15 0.09 1.30 0.24 0.26 0.10      1.06 0.81 12 35
DHV12_4m3zA1_ali_4m3tA1_aF2x  0.73 0.19 0.14 0.75 0.51 0.49 0.11      0.23 0.31 12 35
DHV12_4m3zA1_ali_4m3yA1_aF2x  0.90 0.20 0.14 1.46 0.32 0.37 0.14      1.14 0.78 12 35
DHV12_4m3zA1_ali_4m45A1_aF2x  0.92 0.51 0.36 2.29 0.72 1.61 0.28      1.56 0.68 12 35
DHV12_4m45A1_ali_4fj7A1_aF2x  0.88 0.58 0.42 2.40 0.82 1.91 0.36      1.58 0.66 12 35
DHV12_4m45A1_ali_4fj9A1_aF2x  0.90 0.76 0.61 2.55 0.84 2.11 0.38      1.70 0.67 12 35
DHV12_4m45A1_ali_4fjjA1_aF2x  0.90 0.57 0.42 2.29 0.67 1.79 0.35      1.62 0.71 12 35
DHV12_4m45A1_ali_4fjlA1_aF2x  0.79 0.38 0.25 2.26 0.72 1.13 0.31      1.54 0.68 12 35
DHV12_4m45A1_ali_4fjnA2_aF2x  0.93 0.39 0.28 8.70 1.37 7.68 0.93      7.33 0.84 12 35
DHV12_4m45A1_ali_4fk2A1_aF2x  0.91 1.76 1.38 3.18 1.17 2.77 0.77      2.00 0.63 12 35
DHV12_4m45A1_ali_4fk4A1_aF2x  0.87 0.46 0.32 1.97 0.81 1.67 0.49      1.15 0.59 12 35
DHV12_4m45A1_ali_4m3tA1_aF2x  0.92 0.62 0.44 2.67 0.83 2.02 0.38      1.84 0.69 12 35
DHV12_4m45A1_ali_4m3yA1_aF2x  0.87 0.50 0.34 1.67 0.58 1.28 0.24      1.08 0.65 12 35
DHV12_4m45A1_ali_4m3zA1_aF2x  0.93 0.51 0.36 2.29 0.64 1.61 0.34      1.65 0.72 12 35
DHV13_2pa5A1_ali_4ge2A1_aF2x  0.86 0.36 0.35 0.27 0.15 0.23 0.13      0.13 0.46 12 30
DHV13_2pa5A1_ali_4ge6B1_aF2x  0.88 0.75 0.47 0.97 0.40 0.39 0.20      0.57 0.59 12 30
DHV13_2pa5A1_ali_4iczA2_aF2x  0.92 0.71 0.52 3.87 0.73 2.91 0.52      3.14 0.81 12 30
DHV13_4ge2A1_ali_2pa5A1_aF2x  0.87 0.36 0.35 0.28 0.15 0.23 0.13      0.13 0.47 12 30
DHV13_4ge2A1_ali_4ge6B1_aF2x  0.89 0.73 0.44 1.10 0.40 0.38 0.20      0.70 0.64 12 30
DHV13_4ge2A1_ali_4iczA2_aF2x  0.93 0.67 0.49 4.12 0.76 3.15 0.51      3.36 0.82 12 30
DHV13_4ge6B1_ali_2pa5A1_aF2x  0.88 0.75 0.47 0.97 0.39 0.39 0.18      0.58 0.60 12 30
DHV13_4ge6B1_ali_4ge2A1_aF2x  0.89 0.73 0.44 1.10 0.39 0.38 0.19      0.71 0.65 12 30
DHV13_4ge6B1_ali_4iczA2_aF2x  0.92 0.49 0.42 4.01 0.73 3.10 0.47      3.28 0.82 12 30
DHV13_4iczA2_ali_2pa5A1_aF2x  0.89 0.71 0.52 3.88 0.86 2.91 0.70      3.01 0.78 12 30
DHV13_4iczA2_ali_4ge2A1_aF2x  0.90 0.67 0.49 4.12 0.86 3.14 0.68      3.26 0.79 12 30
DHV13_4iczA2_ali_4ge6B1_aF2x  0.89 0.49 0.42 4.01 0.86 3.10 0.71      3.15 0.78 12 30
DHV14_4jhxA1_ali_4kwtC2_aF2x  0.75 1.02 0.18 3.28 0.73 2.81 0.44      2.55 0.78 12 31
DHV14_4kwtC2_ali_4jhxA1_aF2x  0.75 1.02 0.18 3.28 0.68 2.81 0.41      2.61 0.79 12 31
DHV15_3agnA1_ali_3agoA2_aF2x  0.74 0.41 0.29 7.56 0.90 7.06 0.57      6.66 0.88 12 30
DHV15_3agnA1_ali_3ahwA3_aF2x  0.79 1.63 1.31 6.95 0.83 5.86 0.69      6.12 0.88 12 30
DHV15_3agoA2_ali_3agnA1_aF2x  0.69 0.41 0.29 7.57 0.81 7.07 0.52      6.75 0.89 12 30
DHV15_3agoA2_ali_3ahwA3_aF2x  0.72 1.66 1.37 5.52 0.80 4.86 0.67      4.72 0.86 12 30
DHV15_3ahwA3_ali_3agnA1_aF2x  0.76 1.63 1.31 6.95 0.89 5.86 0.68      6.06 0.87 12 30
DHV15_3ahwA3_ali_3agoA2_aF2x  0.73 1.66 1.37 5.52 0.76 4.87 0.68      4.75 0.86 12 30
DHV16_1a4uB1_ali_1b16B2_aF2x  0.62 0.26 0.18 3.61 0.68 2.42 0.42      2.92 0.81 13 36
DHV16_1a4uB1_ali_1b2lA3_aF2x  0.63 0.46 0.15 2.90 0.64 1.86 0.36      2.26 0.78 13 36
DHV16_1a4uB1_ali_1sbyB2_aF2x  0.59 0.22 0.13 3.59 0.76 2.40 0.29      2.83 0.79 13 36
DHV16_1b16B2_ali_1a4uB1_aF2x  0.59 0.26 0.18 3.60 0.61 2.41 0.32      2.99 0.83 13 36
DHV16_1b16B2_ali_1b2lA3_aF2x  0.73 0.27 0.09 4.13 0.80 3.27 0.41      3.34 0.81 13 36
DHV16_1b16B2_ali_1sbyB2_aF2x  0.74 0.13 0.09 1.42 0.76 0.47 0.33      0.67 0.47 13 36
DHV16_1b2lA3_ali_1a4uB1_aF2x  0.63 0.46 0.15 2.90 0.63 1.86 0.34      2.27 0.78 13 36
DHV16_1b2lA3_ali_1b16B2_aF2x  0.74 0.27 0.09 4.15 0.81 3.29 0.48      3.34 0.80 13 36
DHV16_1b2lA3_ali_1sbyB2_aF2x  0.77 0.30 0.08 3.84 0.79 3.21 0.32      3.05 0.79 13 36
DHV16_1sbyB2_ali_1a4uB1_aF2x  0.55 0.22 0.13 3.58 0.81 2.39 0.37      2.77 0.77 13 36
DHV16_1sbyB2_ali_1b16B2_aF2x  0.75 0.13 0.09 1.43 0.76 0.46 0.27      0.67 0.47 13 36
DHV16_1sbyB2_ali_1b2lA3_aF2x  0.76 0.30 0.08 3.83 0.80 3.20 0.28      3.03 0.79 13 36
DHV17_3hszA1_ali_3ht0A2_aF2x  0.84 0.87 0.74 12.97 1.16 11.54 0.68      11.82 0.91 13 34
DHV17_3ht0A2_ali_3hszA1_aF2x  0.85 0.87 0.74 13.01 1.35 11.57 1.04      11.66 0.90 13 34
DHV18_3m7wD1_ali_3oexB1_aF2x  0.72 0.47 0.12 0.81 0.50 0.36 0.30      0.30 0.37 13 32
DHV18_3m7wD1_ali_4gfsA1_aF2x  0.74 0.65 0.54 1.10 0.55 0.47 0.27      0.55 0.50 13 32
DHV18_3m7wD1_ali_4guiB2_aF2x  0.87 0.82 0.38 4.70 0.48 3.83 0.26      4.22 0.90 13 32
DHV18_3m7wD1_ali_4gujB2_aF2x  0.87 0.78 0.37 4.83 0.49 3.96 0.31      4.33 0.90 13 32
DHV18_3oexB1_ali_3m7wD1_aF2x  0.76 0.47 0.12 0.81 0.55 0.36 0.24      0.26 0.32 13 32
DHV18_3oexB1_ali_4gfsA1_aF2x  0.81 0.60 0.53 1.11 0.50 0.25 0.27      0.62 0.55 13 32
DHV18_3oexB1_ali_4guiB2_aF2x  0.86 0.63 0.38 5.01 0.59 4.02 0.32      4.42 0.88 13 32
DHV18_3oexB1_ali_4gujB2_aF2x  0.87 0.51 0.33 5.13 0.62 4.17 0.38      4.51 0.88 13 32
DHV18_4gfsA1_ali_3m7wD1_aF2x  0.80 0.65 0.54 1.10 0.45 0.48 0.25      0.65 0.59 13 32
DHV18_4gfsA1_ali_3oexB1_aF2x  0.75 0.60 0.53 1.11 0.44 0.25 0.23      0.68 0.61 13 32
DHV18_4gfsA1_ali_4guiB2_aF2x  0.88 0.85 0.67 4.89 0.48 4.09 0.33      4.41 0.90 13 32
DHV18_4gfsA1_ali_4gujB2_aF2x  0.88 0.78 0.64 5.09 0.54 4.24 0.38      4.55 0.89 13 32
DHV18_4guiB2_ali_3m7wD1_aF2x  0.85 0.82 0.38 4.70 0.66 3.82 0.47      4.04 0.86 13 32
DHV18_4guiB2_ali_3oexB1_aF2x  0.84 0.63 0.38 5.01 0.57 4.01 0.32      4.44 0.89 13 32
DHV18_4guiB2_ali_4gfsA1_aF2x  0.87 0.85 0.67 4.89 0.46 4.09 0.32      4.44 0.91 13 32
DHV18_4guiB2_ali_4gujB2_aF2x  0.78 0.45 0.40 0.70 0.34 0.36 0.15      0.36 0.52 13 32
DHV18_4gujB2_ali_3m7wD1_aF2x  0.87 0.78 0.37 4.82 0.55 3.96 0.28      4.27 0.89 13 32
DHV18_4gujB2_ali_3oexB1_aF2x  0.87 0.51 0.33 5.13 0.85 4.16 0.40      4.28 0.83 13 32
DHV18_4gujB2_ali_4gfsA1_aF2x  0.88 0.78 0.64 5.09 0.62 4.24 0.37      4.46 0.88 13 32
DHV18_4gujB2_ali_4guiB2_aF2x  0.84 0.45 0.40 0.71 0.31 0.37 0.12      0.40 0.56 13 32
DHV19_1dg3A1_ali_1f5nA2_aF2x  0.81 1.21 0.84 5.50 1.35 4.48 1.03      4.15 0.75 13 36
DHV19_1f5nA2_ali_1dg3A1_aF2x  0.84 1.21 0.84 5.50 1.43 4.49 1.30      4.07 0.74 13 36
DHV20_3phgA1_ali_3phhA2_aF2x  0.81 0.48 0.27 3.86 0.57 3.27 0.30      3.29 0.85 13 35
DHV20_3phhA2_ali_3phgA1_aF2x  0.68 0.48 0.27 3.85 0.52 3.26 0.21      3.33 0.86 13 35
DHV21_3d05A1_ali_3d06A2_aF2x  0.71 0.12 0.10 5.45 0.85 4.33 0.48      4.60 0.84 14 38
DHV21_3d06A2_ali_3d05A1_aF2x  0.70 0.12 0.10 5.45 0.79 4.33 0.42      4.66 0.85 14 38
DHV22_3v0dB1_ali_3v0fA2_aF2x  0.81 0.36 0.26 7.29 1.21 6.89 0.82      6.07 0.83 14 40
DHV22_3v0dB1_ali_3v0gB1_aF2x  0.75 0.37 0.36 2.25 0.82 1.07 0.50      1.43 0.63 14 40
DHV22_3v0dB1_ali_3v0hB3_aF2x  0.88 0.57 0.50 8.68 1.21 8.90 0.84      7.47 0.86 14 40
DHV22_3v0fA2_ali_3v0dB1_aF2x  0.83 0.36 0.26 7.29 1.06 6.89 0.68      6.23 0.85 14 40
DHV22_3v0fA2_ali_3v0gB1_aF2x  0.79 0.61 0.50 8.09 1.20 7.31 0.71      6.89 0.85 14 40
DHV22_3v0fA2_ali_3v0hB3_aF2x  0.88 0.80 0.70 9.56 1.76 8.91 1.20      7.81 0.82 14 40
DHV22_3v0gB1_ali_3v0dB1_aF2x  0.69 0.37 0.36 2.25 1.11 1.07 0.47      1.14 0.51 14 40
DHV22_3v0gB1_ali_3v0fA2_aF2x  0.76 0.61 0.50 8.08 1.44 7.31 1.07      6.64 0.82 14 40
DHV22_3v0gB1_ali_3v0hB3_aF2x  0.86 0.42 0.36 8.64 1.05 8.69 0.54      7.59 0.88 14 40
DHV22_3v0hB3_ali_3v0dB1_aF2x  0.87 0.57 0.50 8.69 1.31 8.90 0.99      7.38 0.85 14 40
DHV22_3v0hB3_ali_3v0fA2_aF2x  0.89 0.80 0.70 9.58 1.46 8.93 1.08      8.12 0.85 14 40
DHV22_3v0hB3_ali_3v0gB1_aF2x  0.87 0.42 0.36 8.64 1.00 8.69 0.60      7.64 0.88 14 40
DHV23_4mxrB1_ali_4myfA2_aF2x  0.89 0.73 0.60 3.38 0.72 3.21 0.46      2.65 0.79 14 35
DHV23_4mxrB1_ali_4mykA2_aF2x  0.90 0.86 0.73 4.09 0.78 3.32 0.50      3.31 0.81 14 35
DHV23_4mxrB1_ali_4mylA2_aF2x  0.87 0.74 0.62 3.59 0.86 3.03 0.55      2.73 0.76 14 35
DHV23_4myfA2_ali_4mxrB1_aF2x  0.92 0.73 0.60 3.37 0.77 3.20 0.54      2.59 0.77 14 35
DHV23_4myfA2_ali_4mykA2_aF2x  0.79 0.37 0.34 1.64 0.61 0.25 0.14      1.03 0.63 14 35
DHV23_4myfA2_ali_4mylA2_aF2x  0.82 0.29 0.25 1.30 0.50 0.50 0.31      0.80 0.62 14 35
DHV23_4mykA2_ali_4mxrB1_aF2x  0.90 0.86 0.73 4.08 0.85 3.31 0.55      3.22 0.79 14 35
DHV23_4mykA2_ali_4myfA2_aF2x  0.78 0.37 0.34 1.64 0.58 0.25 0.28      1.06 0.65 14 35
DHV23_4mykA2_ali_4mylA2_aF2x  0.70 0.28 0.22 1.87 0.85 0.43 0.47      1.01 0.54 14 35
DHV23_4mylA2_ali_4mxrB1_aF2x  0.92 0.74 0.62 3.58 0.97 3.02 0.61      2.61 0.73 14 35
DHV23_4mylA2_ali_4myfA2_aF2x  0.77 0.29 0.25 1.30 0.56 0.50 0.28      0.75 0.57 14 35
DHV23_4mylA2_ali_4mykA2_aF2x  0.72 0.28 0.22 1.88 0.81 0.43 0.33      1.07 0.57 14 35
DHV24_2ce2X1_ali_2cl0X2_aF2x  0.66 2.16 1.68 3.38 1.77 2.31 1.16      1.60 0.47 14 40
DHV24_2ce2X1_ali_2cl6X3_aF2x  0.71 2.16 1.73 4.29 1.13 3.14 0.93      3.16 0.74 14 40
DHV24_2ce2X1_ali_2cl7X4_aF2x  0.56 2.23 1.79 3.13 1.21 2.17 0.93      1.92 0.61 14 40
DHV24_2ce2X1_ali_2clcX4_aF2x  0.56 2.20 1.77 3.14 1.08 2.11 0.85      2.05 0.65 14 40
DHV24_2ce2X1_ali_2evwX4_aF2x  0.65 2.19 1.73 3.25 1.18 2.30 1.01      2.06 0.64 14 40
DHV24_2cl0X2_ali_2ce2X1_aF2x  0.65 2.16 1.68 3.38 0.94 2.31 0.64      2.44 0.72 14 40
DHV24_2cl0X2_ali_2cl6X3_aF2x  0.72 0.95 0.90 3.84 0.56 2.64 0.34      3.28 0.85 14 40
DHV24_2cl0X2_ali_2cl7X4_aF2x  0.80 1.00 0.88 2.48 0.73 1.80 0.33      1.75 0.71 14 40
DHV24_2cl0X2_ali_2clcX4_aF2x  0.78 0.99 0.88 2.37 0.69 1.61 0.34      1.68 0.71 14 40
DHV24_2cl0X2_ali_2evwX4_aF2x  0.78 0.97 0.91 2.14 0.74 1.30 0.33      1.40 0.65 14 40
DHV24_2cl6X3_ali_2ce2X1_aF2x  0.70 2.16 1.73 4.29 1.01 3.14 0.59      3.29 0.77 14 40
DHV24_2cl6X3_ali_2cl0X2_aF2x  0.76 0.95 0.90 3.84 0.62 2.64 0.44      3.22 0.84 14 40
DHV24_2cl6X3_ali_2cl7X4_aF2x  0.72 0.58 0.45 3.64 0.82 2.33 0.44      2.82 0.77 14 40
DHV24_2cl6X3_ali_2clcX4_aF2x  0.74 0.59 0.43 3.78 0.78 2.39 0.41      3.00 0.79 14 40
DHV24_2cl6X3_ali_2evwX4_aF2x  0.69 0.46 0.41 3.52 0.69 2.20 0.38      2.84 0.80 14 40
DHV24_2cl7X4_ali_2ce2X1_aF2x  0.57 2.23 1.79 3.13 0.99 2.16 0.66      2.14 0.68 14 40
DHV24_2cl7X4_ali_2cl0X2_aF2x  0.78 1.00 0.88 2.47 0.79 1.79 0.37      1.68 0.68 14 40
DHV24_2cl7X4_ali_2cl6X3_aF2x  0.67 0.58 0.45 3.63 0.73 2.32 0.42      2.90 0.80 14 40
DHV24_2cl7X4_ali_2clcX4_aF2x  0.65 0.16 0.11 0.76 0.29 0.38 0.17      0.47 0.62 14 40
DHV24_2cl7X4_ali_2evwX4_aF2x  0.77 0.52 0.48 1.69 0.67 0.95 0.33      1.02 0.61 14 40
DHV24_2clcX4_ali_2ce2X1_aF2x  0.54 2.20 1.77 3.13 0.98 2.11 0.61      2.15 0.69 14 40
DHV24_2clcX4_ali_2cl0X2_aF2x  0.76 0.99 0.88 2.37 0.75 1.60 0.35      1.62 0.68 14 40
DHV24_2clcX4_ali_2cl6X3_aF2x  0.72 0.59 0.43 3.77 0.75 2.38 0.42      3.02 0.80 14 40
DHV24_2clcX4_ali_2cl7X4_aF2x  0.70 0.16 0.11 0.76 0.29 0.38 0.18      0.47 0.61 14 40
DHV24_2clcX4_ali_2evwX4_aF2x  0.77 0.56 0.49 1.51 0.65 0.74 0.30      0.86 0.57 14 40
DHV24_2evwX4_ali_2ce2X1_aF2x  0.61 2.19 1.73 3.25 0.95 2.30 0.61      2.30 0.71 14 40
DHV24_2evwX4_ali_2cl0X2_aF2x  0.77 0.97 0.91 2.13 0.75 1.30 0.31      1.38 0.65 14 40
DHV24_2evwX4_ali_2cl6X3_aF2x  0.63 0.46 0.41 3.52 0.64 2.19 0.30      2.88 0.82 14 40
DHV24_2evwX4_ali_2cl7X4_aF2x  0.79 0.52 0.48 1.69 0.63 0.95 0.23      1.07 0.63 14 40
DHV24_2evwX4_ali_2clcX4_aF2x  0.78 0.56 0.49 1.50 0.58 0.74 0.22      0.92 0.61 14 40
DHV25_1gqyB1_ali_1p31B2_aF2x  0.86 1.04 0.93 10.93 0.88 10.01 0.46      10.06 0.92 14 39
DHV25_1gqyB1_ali_1p3dA2_aF2x  0.86 1.03 0.95 10.92 0.84 9.99 0.46      10.09 0.92 14 39
DHV25_1p31B2_ali_1gqyB1_aF2x  0.82 1.04 0.93 10.93 0.94 10.01 0.68      9.99 0.91 14 39
DHV25_1p31B2_ali_1p3dA2_aF2x  0.67 0.23 0.11 0.35 0.25 0.10 0.10      0.09 0.27 14 39
DHV25_1p3dA2_ali_1gqyB1_aF2x  0.81 1.03 0.95 10.92 0.94 9.99 0.70      9.98 0.91 14 39
DHV25_1p3dA2_ali_1p31B2_aF2x  0.70 0.23 0.11 0.34 0.26 0.10 0.09      0.08 0.23 14 39
DHV26_2rbtX1_ali_2rbuX2_aF2x  0.82 0.15 0.13 4.40 0.55 5.24 0.47      3.84 0.87 15 37
DHV26_2rbtX1_ali_2rbvX1_aF2x  0.93 0.31 0.30 0.17 0.07 0.16 0.07      0.10 0.60 15 37
DHV26_2rbtX1_ali_2rbwX3_aF2x  0.69 0.77 0.69 3.17 0.87 3.64 0.65      2.30 0.73 15 37
DHV26_2rbtX1_ali_2rbxX1_aF2x  0.90 0.12 0.09 0.25 0.11 0.25 0.11      0.14 0.55 15 37
DHV26_2rbtX1_ali_2rbyX1_aF2x  0.88 0.14 0.12 0.17 0.08 0.14 0.08      0.08 0.50 15 37
DHV26_2rbtX1_ali_2rbzX1_aF2x  0.95 0.18 0.11 0.25 0.08 0.25 0.08      0.16 0.66 15 37
DHV26_2rbtX1_ali_2rc0X1_aF2x  0.85 0.11 0.08 0.29 0.15 0.22 0.09      0.13 0.46 15 37
DHV26_2rbtX1_ali_2rc2X3_aF2x  0.67 0.43 0.35 3.10 0.86 3.57 0.61      2.24 0.72 15 37
DHV26_2rbuX2_ali_2rbtX1_aF2x  0.75 0.15 0.13 4.40 0.57 5.24 0.44      3.83 0.87 15 37
DHV26_2rbuX2_ali_2rbvX1_aF2x  0.75 0.29 0.28 4.38 0.57 5.21 0.44      3.81 0.87 15 37
DHV26_2rbuX2_ali_2rbwX3_aF2x  0.87 0.76 0.67 2.60 0.54 2.80 0.41      2.06 0.79 15 37
DHV26_2rbuX2_ali_2rbxX1_aF2x  0.75 0.15 0.11 4.48 0.60 5.34 0.49      3.88 0.87 15 37
DHV26_2rbuX2_ali_2rbyX1_aF2x  0.75 0.18 0.14 4.43 0.57 5.28 0.45      3.86 0.87 15 37
DHV26_2rbuX2_ali_2rbzX1_aF2x  0.75 0.18 0.13 4.50 0.59 5.37 0.47      3.90 0.87 15 37
DHV26_2rbuX2_ali_2rc0X1_aF2x  0.74 0.16 0.10 4.48 0.54 5.34 0.46      3.94 0.88 15 37
DHV26_2rbuX2_ali_2rc2X3_aF2x  0.87 0.47 0.36 2.47 0.53 2.65 0.40      1.93 0.78 15 37
DHV26_2rbvX1_ali_2rbtX1_aF2x  0.93 0.31 0.30 0.18 0.07 0.17 0.07      0.11 0.62 15 37
DHV26_2rbvX1_ali_2rbuX2_aF2x  0.82 0.29 0.28 4.38 0.54 5.21 0.43      3.83 0.88 15 37
DHV26_2rbvX1_ali_2rbwX3_aF2x  0.68 0.69 0.63 3.12 0.85 3.59 0.63      2.27 0.73 15 37
DHV26_2rbvX1_ali_2rbxX1_aF2x  0.93 0.34 0.32 0.33 0.12 0.34 0.12      0.20 0.63 15 37
DHV26_2rbvX1_ali_2rbyX1_aF2x  0.94 0.29 0.27 0.30 0.10 0.29 0.10      0.20 0.66 15 37
DHV26_2rbvX1_ali_2rbzX1_aF2x  0.94 0.32 0.29 0.30 0.10 0.31 0.09      0.20 0.68 15 37
DHV26_2rbvX1_ali_2rc0X1_aF2x  0.90 0.33 0.31 0.35 0.16 0.33 0.10      0.19 0.54 15 37
DHV26_2rbvX1_ali_2rc2X3_aF2x  0.66 0.52 0.48 3.06 0.84 3.52 0.59      2.21 0.72 15 37
DHV26_2rbwX3_ali_2rbtX1_aF2x  0.70 0.77 0.69 3.17 0.53 3.64 0.48      2.64 0.83 15 37
DHV26_2rbwX3_ali_2rbuX2_aF2x  0.90 0.76 0.67 2.61 0.71 2.82 0.55      1.90 0.73 15 37
DHV26_2rbwX3_ali_2rbvX1_aF2x  0.69 0.69 0.63 3.12 0.51 3.58 0.46      2.61 0.84 15 37
DHV26_2rbwX3_ali_2rbxX1_aF2x  0.70 0.76 0.67 3.25 0.54 3.78 0.50      2.71 0.84 15 37
DHV26_2rbwX3_ali_2rbyX1_aF2x  0.70 0.76 0.67 3.22 0.55 3.72 0.50      2.67 0.83 15 37
DHV26_2rbwX3_ali_2rbzX1_aF2x  0.70 0.72 0.64 3.23 0.53 3.75 0.48      2.70 0.84 15 37
DHV26_2rbwX3_ali_2rc0X1_aF2x  0.70 0.75 0.67 3.23 0.55 3.77 0.51      2.69 0.83 15 37
DHV26_2rbwX3_ali_2rc2X3_aF2x  0.95 0.60 0.59 0.31 0.10 0.33 0.11      0.21 0.67 15 37
DHV26_2rbxX1_ali_2rbtX1_aF2x  0.88 0.12 0.09 0.25 0.12 0.25 0.11      0.13 0.53 15 37
DHV26_2rbxX1_ali_2rbuX2_aF2x  0.82 0.15 0.11 4.47 0.56 5.34 0.47      3.91 0.88 15 37
DHV26_2rbxX1_ali_2rbvX1_aF2x  0.91 0.34 0.32 0.32 0.13 0.33 0.12      0.20 0.61 15 37
DHV26_2rbxX1_ali_2rbwX3_aF2x  0.68 0.76 0.67 3.25 0.86 3.77 0.65      2.39 0.73 15 37
DHV26_2rbxX1_ali_2rbyX1_aF2x  0.88 0.18 0.16 0.21 0.10 0.23 0.10      0.11 0.51 15 37
DHV26_2rbxX1_ali_2rbzX1_aF2x  0.86 0.16 0.12 0.14 0.08 0.11 0.07      0.06 0.41 15 37
DHV26_2rbxX1_ali_2rc0X1_aF2x  0.81 0.11 0.08 0.22 0.13 0.15 0.09      0.09 0.40 15 37
DHV26_2rbxX1_ali_2rc2X3_aF2x  0.67 0.42 0.34 3.18 0.85 3.71 0.62      2.33 0.73 15 37
DHV26_2rbyX1_ali_2rbtX1_aF2x  0.88 0.14 0.12 0.16 0.08 0.14 0.07      0.08 0.50 15 37
DHV26_2rbyX1_ali_2rbuX2_aF2x  0.82 0.18 0.14 4.43 0.55 5.28 0.43      3.88 0.88 15 37
DHV26_2rbyX1_ali_2rbvX1_aF2x  0.94 0.29 0.27 0.29 0.10 0.28 0.10      0.19 0.65 15 37
DHV26_2rbyX1_ali_2rbwX3_aF2x  0.68 0.76 0.67 3.22 0.86 3.72 0.65      2.36 0.73 15 37
DHV26_2rbyX1_ali_2rbxX1_aF2x  0.88 0.18 0.16 0.21 0.10 0.23 0.10      0.11 0.52 15 37
DHV26_2rbyX1_ali_2rbzX1_aF2x  0.95 0.17 0.13 0.25 0.08 0.25 0.08      0.17 0.66 15 37
DHV26_2rbyX1_ali_2rc0X1_aF2x  0.81 0.12 0.11 0.25 0.15 0.17 0.10      0.10 0.39 15 37
DHV26_2rbyX1_ali_2rc2X3_aF2x  0.67 0.43 0.35 3.14 0.84 3.64 0.61      2.30 0.73 15 37
DHV26_2rbzX1_ali_2rbtX1_aF2x  0.95 0.18 0.11 0.24 0.08 0.24 0.08      0.16 0.66 15 37
DHV26_2rbzX1_ali_2rbuX2_aF2x  0.83 0.18 0.13 4.49 0.57 5.36 0.47      3.92 0.87 15 37
DHV26_2rbzX1_ali_2rbvX1_aF2x  0.95 0.32 0.29 0.29 0.10 0.30 0.09      0.20 0.67 15 37
DHV26_2rbzX1_ali_2rbwX3_aF2x  0.69 0.72 0.64 3.23 0.61 3.76 0.53      2.62 0.81 15 37
DHV26_2rbzX1_ali_2rbxX1_aF2x  0.86 0.16 0.12 0.13 0.08 0.11 0.07      0.05 0.40 15 37
DHV26_2rbzX1_ali_2rbyX1_aF2x  0.95 0.17 0.13 0.24 0.09 0.25 0.08      0.16 0.65 15 37
DHV26_2rbzX1_ali_2rc0X1_aF2x  0.87 0.13 0.10 0.29 0.14 0.19 0.09      0.14 0.50 15 37
DHV26_2rbzX1_ali_2rc2X3_aF2x  0.68 0.35 0.28 3.17 0.85 3.69 0.61      2.32 0.73 15 37
DHV26_2rc0X1_ali_2rbtX1_aF2x  0.85 0.11 0.08 0.29 0.16 0.22 0.09      0.13 0.44 15 37
DHV26_2rc0X1_ali_2rbuX2_aF2x  0.82 0.16 0.10 4.47 0.52 5.33 0.43      3.95 0.88 15 37
DHV26_2rc0X1_ali_2rbvX1_aF2x  0.89 0.33 0.31 0.34 0.16 0.33 0.10      0.18 0.52 15 37
DHV26_2rc0X1_ali_2rbwX3_aF2x  0.70 0.75 0.67 3.23 0.87 3.77 0.66      2.37 0.73 15 37
DHV26_2rc0X1_ali_2rbxX1_aF2x  0.81 0.11 0.08 0.22 0.14 0.14 0.09      0.08 0.38 15 37
DHV26_2rc0X1_ali_2rbyX1_aF2x  0.81 0.12 0.11 0.25 0.15 0.17 0.10      0.10 0.39 15 37
DHV26_2rc0X1_ali_2rbzX1_aF2x  0.87 0.13 0.10 0.29 0.15 0.19 0.09      0.14 0.49 15 37
DHV26_2rc0X1_ali_2rc2X3_aF2x  0.68 0.41 0.33 3.16 0.86 3.70 0.62      2.31 0.73 15 37
DHV26_2rc2X3_ali_2rbtX1_aF2x  0.68 0.43 0.35 3.10 0.50 3.57 0.45      2.60 0.84 15 37
DHV26_2rc2X3_ali_2rbuX2_aF2x  0.89 0.47 0.36 2.48 0.69 2.67 0.53      1.79 0.72 15 37
DHV26_2rc2X3_ali_2rbvX1_aF2x  0.67 0.52 0.48 3.06 0.48 3.52 0.43      2.58 0.84 15 37
DHV26_2rc2X3_ali_2rbwX3_aF2x  0.95 0.60 0.59 0.31 0.10 0.33 0.11      0.21 0.68 15 37
DHV26_2rc2X3_ali_2rbxX1_aF2x  0.68 0.42 0.34 3.19 0.50 3.71 0.47      2.68 0.84 15 37
DHV26_2rc2X3_ali_2rbyX1_aF2x  0.68 0.43 0.35 3.14 0.50 3.64 0.46      2.64 0.84 15 37
DHV26_2rc2X3_ali_2rbzX1_aF2x  0.69 0.35 0.28 3.17 0.49 3.70 0.44      2.68 0.84 15 37
DHV26_2rc2X3_ali_2rc0X1_aF2x  0.69 0.41 0.33 3.17 0.51 3.70 0.47      2.66 0.84 15 37
DHV27_5ktaA1_ali_5ktcA2_aF2x  0.85 0.70 0.47 8.49 1.10 7.47 1.08      7.39 0.87 15 44
DHV27_5ktaA1_ali_5ktdA2_aF2x  0.85 0.68 0.46 8.42 1.12 7.40 1.08      7.30 0.87 15 44
DHV27_5ktcA2_ali_5ktaA1_aF2x  0.86 0.70 0.47 8.49 0.87 7.47 0.88      7.62 0.90 15 44
DHV27_5ktcA2_ali_5ktdA2_aF2x  0.83 0.13 0.11 0.18 0.11 0.12 0.06      0.07 0.39 15 44
DHV27_5ktdA2_ali_5ktaA1_aF2x  0.86 0.68 0.46 8.42 0.88 7.40 0.90      7.54 0.90 15 44
DHV27_5ktdA2_ali_5ktcA2_aF2x  0.83 0.13 0.11 0.17 0.11 0.12 0.06      0.07 0.38 15 44
DHV28_2yjdB2_ali_3omqA2_aF2x  0.85 0.78 0.70 3.04 0.79 2.51 0.41      2.26 0.74 15 36
DHV28_3omqA2_ali_2yjdB2_aF2x  0.83 0.78 0.70 3.02 0.86 2.49 0.44      2.16 0.71 15 36
DHV29_3illA1_ali_3iloA2_aF2x  0.77 1.07 0.79 8.15 1.34 5.01 1.20      6.81 0.84 15 40
DHV29_3iloA2_ali_3illA1_aF2x  0.78 1.07 0.79 8.15 1.41 5.01 1.00      6.74 0.83 15 40
DHV30_2xguA1_ali_2xgyA2_aF2x  0.95 1.67 1.17 7.56 0.98 7.69 0.67      6.59 0.87 15 29
DHV30_2xgyA2_ali_2xguA1_aF2x  0.94 1.67 1.17 7.57 1.11 7.69 0.89      6.45 0.85 15 29
