# Morphing                 Delta0    RmsdA   RmsdA2    RmsdI    RmsdINCAC   RmsdF    RmsdNCAC    RmsdD   Motion N_res N_dh
#------------------------------------------------------------------
DHV01_3iu1B1_ali_3iu2A2_aF0x 0.71  4.32 0.95  3.37 0.41  3.37 0.78 10 28
DHV01_3iu1B1_ali_3iweA2_aF0x 0.73  4.39 0.82  3.51 0.46  3.57 0.81 10 28
DHV01_3iu1B1_ali_3jtkA2_aF0x 0.72  4.46 1.02  3.54 0.46  3.45 0.77 10 28
DHV01_3iu2A2_ali_3iu1B1_aF0x 0.78  4.32 0.97  3.38 0.45  3.35 0.78 10 28
DHV01_3iu2A2_ali_3iweA2_aF0x 0.50  0.71 0.61  0.34 0.18  0.10 0.14 10 28
DHV01_3iu2A2_ali_3jtkA2_aF0x 0.74  0.65 0.41  0.43 0.20  0.24 0.37 10 28
DHV01_3iweA2_ali_3iu1B1_aF0x 0.79  4.39 0.94  3.52 0.69  3.45 0.79 10 28
DHV01_3iweA2_ali_3iu2A2_aF0x 0.47  0.71 0.64  0.34 0.24  0.07 0.10 10 28
DHV01_3iweA2_ali_3jtkA2_aF0x 0.47  0.71 0.64  0.29 0.17  0.07 0.10 10 28
DHV01_3jtkA2_ali_3iu1B1_aF0x 0.79  4.47 1.01  3.55 0.55  3.46 0.77 10 28
DHV01_3jtkA2_ali_3iu2A2_aF0x 0.67  0.65 0.50  0.43 0.31  0.15 0.24 10 28
DHV01_3jtkA2_ali_3iweA2_aF0x 0.49  0.71 0.63  0.29 0.14  0.09 0.12 10 28
DHV02_4hidA1_ali_4hikA1_aF0x 0.71  1.96 1.00  0.83 0.62  0.96 0.49 10 28
DHV02_4hidA1_ali_4himA1_aF0x 0.70  1.93 1.04  0.75 0.64  0.90 0.46 10 28
DHV02_4hidA1_ali_4hioA1_aF0x 0.56  0.85 0.59  0.22 0.20  0.26 0.31 10 28
DHV02_4hidA1_ali_4hj7A2_aF0x 0.64  3.39 0.83  2.24 0.49  2.56 0.75 10 28
DHV02_4hidA1_ali_4hj9A1_aF0x 0.71  1.62 0.64  0.76 0.46  0.98 0.60 10 28
DHV02_4hikA1_ali_4hidA1_aF0x 0.74  1.96 0.79  0.83 0.46  1.17 0.60 10 28
DHV02_4hikA1_ali_4himA1_aF0x 0.65  0.22 0.17  0.17 0.13  0.05 0.24 10 28
DHV02_4hikA1_ali_4hioA1_aF0x 0.76  1.95 0.84  0.77 0.46  1.11 0.57 10 28
DHV02_4hikA1_ali_4hj7A2_aF0x 0.59  3.17 1.12  2.35 0.71  2.05 0.65 10 28
DHV02_4hikA1_ali_4hj9A1_aF0x 0.72  0.94 0.60  0.19 0.28  0.34 0.36 10 28
DHV02_4himA1_ali_4hidA1_aF0x 0.74  1.93 0.82  0.75 0.46  1.11 0.58 10 28
DHV02_4himA1_ali_4hikA1_aF0x 0.68  0.22 0.17  0.17 0.13  0.05 0.24 10 28
DHV02_4himA1_ali_4hioA1_aF0x 0.76  1.91 0.86  0.67 0.45  1.05 0.55 10 28
DHV02_4himA1_ali_4hj7A2_aF0x 0.60  3.19 1.15  2.37 0.73  2.04 0.64 10 28
DHV02_4himA1_ali_4hj9A1_aF0x 0.71  0.95 0.62  0.16 0.29  0.33 0.35 10 28
DHV02_4hioA1_ali_4hidA1_aF0x 0.50  0.85 0.62  0.21 0.13  0.23 0.27 10 28
DHV02_4hioA1_ali_4hikA1_aF0x 0.75  1.94 0.90  0.76 0.55  1.04 0.54 10 28
DHV02_4hioA1_ali_4himA1_aF0x 0.74  1.91 0.93  0.67 0.55  0.98 0.51 10 28
DHV02_4hioA1_ali_4hj7A2_aF0x 0.63  3.44 0.90  2.31 0.52  2.54 0.74 10 28
DHV02_4hioA1_ali_4hj9A1_aF0x 0.73  1.63 0.62  0.70 0.36  1.01 0.62 10 28
DHV02_4hj7A2_ali_4hidA1_aF0x 0.64  3.39 0.84  2.24 0.54  2.55 0.75 10 28
DHV02_4hj7A2_ali_4hikA1_aF0x 0.59  3.17 0.75  2.35 0.52  2.42 0.76 10 28
DHV02_4hj7A2_ali_4himA1_aF0x 0.59  3.19 0.75  2.38 0.48  2.44 0.76 10 28
DHV02_4hj7A2_ali_4hioA1_aF0x 0.65  3.44 0.83  2.31 0.47  2.61 0.76 10 28
DHV02_4hj7A2_ali_4hj9A1_aF0x 0.61  3.15 0.64  2.32 0.37  2.50 0.80 10 28
DHV02_4hj9A1_ali_4hidA1_aF0x 0.72  1.62 0.64  0.77 0.40  0.98 0.60 10 28
DHV02_4hj9A1_ali_4hikA1_aF0x 0.74  0.94 0.62  0.19 0.32  0.32 0.34 10 28
DHV02_4hj9A1_ali_4himA1_aF0x 0.72  0.95 0.65  0.16 0.33  0.30 0.31 10 28
DHV02_4hj9A1_ali_4hioA1_aF0x 0.71  1.63 0.63  0.71 0.39  1.00 0.61 10 28
DHV02_4hj9A1_ali_4hj7A2_aF0x 0.62  3.15 0.73  2.31 0.35  2.42 0.77 10 28
DHV03_4kfrB1_ali_4kfuA2_aF0x 0.83  6.39 0.74  4.55 0.68  5.66 0.88 10 29
DHV03_4kfuA2_ali_4kfrB1_aF0x 0.84  6.39 0.86  4.55 0.80  5.53 0.87 10 29
DHV04_3waeA1_ali_3wafB2_aF0x 0.81  3.97 0.88  3.11 0.51  3.09 0.78 10 26
DHV04_3wafB2_ali_3waeA1_aF0x 0.81  3.97 1.39  3.11 0.78  2.58 0.65 10 26
DHV05_3mp6A1_ali_3mp8A2_aF0x 0.80  5.63 2.20  5.32 1.73  3.43 0.61 10 24
DHV05_3mp8A2_ali_3mp6A1_aF0x 0.78  5.63 1.99  5.32 1.41  3.64 0.65 10 24
DHV06_1xbbA1_ali_4fyoA2_aF0x 0.90  3.53 1.21  3.17 1.04  2.32 0.66 11 30
DHV06_1xbbA1_ali_4i0sA2_aF0x 0.91  4.07 1.45  3.81 1.36  2.62 0.64 11 30
DHV06_1xbbA1_ali_4i0tA2_aF0x 0.73  3.56 1.47  2.62 1.42  2.09 0.59 11 30
DHV06_4fyoA2_ali_1xbbA1_aF0x 0.86  3.52 1.04  3.16 0.91  2.49 0.71 11 30
DHV06_4fyoA2_ali_4i0sA2_aF0x 0.80  1.46 0.69  0.93 0.33  0.77 0.53 11 30
DHV06_4fyoA2_ali_4i0tA2_aF0x 0.79  3.26 1.28  2.09 1.11  1.98 0.61 11 30
DHV06_4i0sA2_ali_1xbbA1_aF0x 0.87  4.07 1.04  3.81 1.01  3.03 0.74 11 30
DHV06_4i0sA2_ali_4fyoA2_aF0x 0.66  1.46 0.62  0.92 0.34  0.84 0.58 11 30
DHV06_4i0sA2_ali_4i0tA2_aF0x 0.74  3.98 1.44  2.80 1.35  2.55 0.64 11 30
DHV06_4i0tA2_ali_1xbbA1_aF0x 0.80  3.56 1.31  2.61 1.12  2.26 0.63 11 30
DHV06_4i0tA2_ali_4fyoA2_aF0x 0.79  3.27 1.45  2.09 1.00  1.82 0.56 11 30
DHV06_4i0tA2_ali_4i0sA2_aF0x 0.79  3.98 1.72  2.80 1.65  2.26 0.57 11 30
DHV07_3n4fA1_ali_3qpeD2_aF0x 0.84  5.78 0.58  4.16 0.38  5.20 0.90 11 29
DHV07_3n4fA1_ali_3vccA2_aF0x 0.84  5.76 0.60  4.16 0.47  5.16 0.90 11 29
DHV07_3qpeD2_ali_3n4fA1_aF0x 0.84  5.79 0.88  4.16 0.78  4.91 0.85 11 29
DHV07_3qpeD2_ali_3vccA2_aF0x 0.72  0.24 0.17  0.20 0.13  0.06 0.27 11 29
DHV07_3vccA2_ali_3n4fA1_aF0x 0.84  5.76 0.89  4.15 0.81  4.87 0.85 11 29
DHV07_3vccA2_ali_3qpeD2_aF0x 0.70  0.24 0.17  0.21 0.14  0.07 0.28 11 29
DHV08_2vovA1_ali_2voxA2_aF0x 0.67  4.29 0.53  3.04 0.44  3.76 0.88 11 28
DHV08_2voxA2_ali_2vovA1_aF0x 0.73  4.29 0.53  3.04 0.46  3.76 0.88 11 28
DHV09_2q9fA1_ali_3mdmA2_aF0x 0.82  6.30 1.40  4.79 1.16  4.90 0.78 11 29
DHV09_3mdmA2_ali_2q9fA1_aF0x 0.74  6.30 1.46  4.79 1.21  4.84 0.77 11 29
DHV10_3irsC1_ali_3k4wL2_aF0x 0.86  5.13 1.21  4.38 0.91  3.92 0.76 11 31
DHV10_3k4wL2_ali_3irsC1_aF0x 0.89  5.10 1.21  4.35 0.90  3.89 0.76 11 31
DHV11_3gnoA1_ali_3gnpA1_aF0x 0.77  5.02 0.65  4.22 0.29  4.38 0.87 12 35
DHV11_3gnoA1_ali_3gnrA2_aF0x 0.52  0.73 0.46  0.18 0.11  0.27 0.37 12 35
DHV11_3gnpA1_ali_3gnoA1_aF0x 0.78  5.03 0.68  4.22 0.36  4.35 0.86 12 35
DHV11_3gnpA1_ali_3gnrA2_aF0x 0.79  4.82 0.78  4.12 0.43  4.05 0.84 12 35
DHV11_3gnrA2_ali_3gnoA1_aF0x 0.58  0.74 0.45  0.18 0.15  0.29 0.39 12 35
DHV11_3gnrA2_ali_3gnpA1_aF0x 0.79  4.83 0.69  4.13 0.41  4.13 0.86 12 35
DHV12_4fj7A1_ali_4fj9A1_aF0x 0.46  0.41 0.37  0.15 0.08  0.04 0.10 12 35
DHV12_4fj7A1_ali_4fjjA1_aF0x 0.26  0.53 0.52  0.11 0.08  0.01 0.03 12 35
DHV12_4fj7A1_ali_4fjlA1_aF0x 0.74  1.34 0.66  0.78 0.27  0.69 0.51 12 35
DHV12_4fj7A1_ali_4fjnA2_aF0x 0.93  8.31 1.35  7.31 0.94  6.96 0.84 12 35
DHV12_4fj7A1_ali_4fk2A1_aF0x 0.35  0.58 0.55  0.17 0.10  0.03 0.05 12 35
DHV12_4fj7A1_ali_4fk4A1_aF0x 0.75  1.08 0.58  0.39 0.16  0.50 0.46 12 35
DHV12_4fj7A1_ali_4m3tA1_aF0x 0.77  1.69 0.24  0.24 0.14  1.45 0.86 12 35
DHV12_4fj7A1_ali_4m3yA1_aF0x 0.69  0.91 0.60  0.27 0.15  0.30 0.34 12 35
DHV12_4fj7A1_ali_4m3zA1_aF0x 0.76  1.69 0.54  0.29 0.12  1.15 0.68 12 35
DHV12_4fj7A1_ali_4m45A1_aF0x 0.67  1.81 0.92  0.71 0.36  0.90 0.49 12 35
DHV12_4fj9A1_ali_4fj7A1_aF0x 0.46  0.41 0.37  0.15 0.07  0.04 0.10 12 35
DHV12_4fj9A1_ali_4fjjA1_aF0x 0.33  0.62 0.59  0.17 0.09  0.03 0.05 12 35
DHV12_4fj9A1_ali_4fjlA1_aF0x 0.74  1.42 0.73  0.82 0.28  0.69 0.48 12 35
DHV12_4fj9A1_ali_4fjnA2_aF0x 0.92  8.44 1.36  7.41 0.92  7.08 0.84 12 35
DHV12_4fj9A1_ali_4fk2A1_aF0x 0.34  0.63 0.60  0.17 0.10  0.03 0.05 12 35
DHV12_4fj9A1_ali_4fk4A1_aF0x 0.74  1.13 0.65  0.45 0.17  0.49 0.43 12 35
DHV12_4fj9A1_ali_4m3tA1_aF0x 0.78  1.73 0.38  0.27 0.16  1.36 0.78 12 35
DHV12_4fj9A1_ali_4m3yA1_aF0x 0.66  0.90 0.64  0.29 0.18  0.26 0.29 12 35
DHV12_4fj9A1_ali_4m3zA1_aF0x 0.77  1.74 0.61  0.32 0.15  1.13 0.65 12 35
DHV12_4fj9A1_ali_4m45A1_aF0x 0.71  1.83 0.90  0.75 0.39  0.93 0.51 12 35
DHV12_4fjjA1_ali_4fj7A1_aF0x 0.26  0.53 0.52  0.11 0.07  0.02 0.03 12 35
DHV12_4fjjA1_ali_4fj9A1_aF0x 0.33  0.62 0.59  0.17 0.09  0.03 0.05 12 35
DHV12_4fjjA1_ali_4fjlA1_aF0x 0.80  1.26 0.44  0.81 0.26  0.82 0.65 12 35
DHV12_4fjjA1_ali_4fjnA2_aF0x 0.92  8.40 1.26  7.39 0.91  7.14 0.85 12 35
DHV12_4fjjA1_ali_4fk2A1_aF0x 0.71  0.25 0.18  0.19 0.12  0.06 0.25 12 35
DHV12_4fjjA1_ali_4fk4A1_aF0x 0.86  0.99 0.30  0.41 0.16  0.70 0.70 12 35
DHV12_4fjjA1_ali_4m3tA1_aF0x 0.75  1.70 0.52  0.25 0.17  1.18 0.69 12 35
DHV12_4fjjA1_ali_4m3yA1_aF0x 0.86  0.77 0.32  0.29 0.17  0.45 0.58 12 35
DHV12_4fjjA1_ali_4m3zA1_aF0x 0.80  1.72 0.18  0.28 0.15  1.54 0.90 12 35
DHV12_4fjjA1_ali_4m45A1_aF0x 0.71  1.78 0.80  0.70 0.38  0.98 0.55 12 35
DHV12_4fjlA1_ali_4fj7A1_aF0x 0.79  1.36 0.67  0.79 0.32  0.69 0.51 12 35
DHV12_4fjlA1_ali_4fj9A1_aF0x 0.76  1.43 0.73  0.82 0.29  0.69 0.49 12 35
DHV12_4fjlA1_ali_4fjjA1_aF0x 0.83  1.27 0.44  0.81 0.27  0.83 0.65 12 35
DHV12_4fjlA1_ali_4fjnA2_aF0x 0.93  8.10 1.01  6.91 0.72  7.09 0.88 12 35
DHV12_4fjlA1_ali_4fk2A1_aF0x 0.84  1.32 0.44  0.87 0.29  0.87 0.66 12 35
DHV12_4fjlA1_ali_4fk4A1_aF0x 0.85  1.40 0.35  0.68 0.16  1.05 0.75 12 35
DHV12_4fjlA1_ali_4m3tA1_aF0x 0.74  2.21 0.59  0.78 0.25  1.62 0.73 12 35
DHV12_4fjlA1_ali_4m3yA1_aF0x 0.81  1.56 0.44  0.81 0.20  1.13 0.72 12 35
DHV12_4fjlA1_ali_4m3zA1_aF0x 0.75  2.27 0.39  0.86 0.24  1.89 0.83 12 35
DHV12_4fjlA1_ali_4m45A1_aF0x 0.65  2.17 0.74  0.91 0.33  1.42 0.66 12 35
DHV12_4fjnA2_ali_4fj7A1_aF0x 0.93  8.30 1.18  7.31 0.78  7.12 0.86 12 35
DHV12_4fjnA2_ali_4fj9A1_aF0x 0.93  8.43 1.22  7.41 0.77  7.22 0.86 12 35
DHV12_4fjnA2_ali_4fjjA1_aF0x 0.93  8.39 1.11  7.38 0.76  7.28 0.87 12 35
DHV12_4fjnA2_ali_4fjlA1_aF0x 0.93  8.10 1.09  6.91 0.65  7.00 0.87 12 35
DHV12_4fjnA2_ali_4fk2A1_aF0x 0.93  8.45 1.06  7.44 0.75  7.39 0.87 12 35
DHV12_4fjnA2_ali_4fk4A1_aF0x 0.93  8.46 1.03  7.30 0.69  7.43 0.88 12 35
DHV12_4fjnA2_ali_4m3tA1_aF0x 0.93  8.08 1.17  7.33 0.72  6.91 0.86 12 35
DHV12_4fjnA2_ali_4m3yA1_aF0x 0.93  8.47 1.09  7.36 0.72  7.38 0.87 12 35
DHV12_4fjnA2_ali_4m3zA1_aF0x 0.93  8.11 1.08  7.40 0.75  7.03 0.87 12 35
DHV12_4fjnA2_ali_4m45A1_aF0x 0.92  8.30 1.03  7.31 0.63  7.27 0.88 12 35
DHV12_4fk2A1_ali_4fj7A1_aF0x 0.32  0.58 0.55  0.17 0.10  0.03 0.05 12 35
DHV12_4fk2A1_ali_4fj9A1_aF0x 0.33  0.63 0.60  0.17 0.09  0.03 0.05 12 35
DHV12_4fk2A1_ali_4fjjA1_aF0x 0.68  0.25 0.18  0.19 0.12  0.06 0.25 12 35
DHV12_4fk2A1_ali_4fjlA1_aF0x 0.81  1.31 0.47  0.86 0.27  0.84 0.64 12 35
DHV12_4fk2A1_ali_4fjnA2_aF0x 0.92  8.46 1.35  7.45 0.96  7.11 0.84 12 35
DHV12_4fk2A1_ali_4fk4A1_aF0x 0.82  1.01 0.33  0.41 0.14  0.67 0.67 12 35
DHV12_4fk2A1_ali_4m3tA1_aF0x 0.73  1.74 0.56  0.27 0.17  1.19 0.68 12 35
DHV12_4fk2A1_ali_4m3yA1_aF0x 0.84  0.77 0.28  0.29 0.15  0.49 0.63 12 35
DHV12_4fk2A1_ali_4m3zA1_aF0x 0.78  1.75 0.21  0.27 0.14  1.54 0.88 12 35
DHV12_4fk2A1_ali_4m45A1_aF0x 0.69  1.81 0.77  0.76 0.39  1.03 0.57 12 35
DHV12_4fk4A1_ali_4fj7A1_aF0x 0.77  1.09 0.60  0.39 0.18  0.49 0.45 12 35
DHV12_4fk4A1_ali_4fj9A1_aF0x 0.74  1.12 0.65  0.43 0.17  0.47 0.42 12 35
DHV12_4fk4A1_ali_4fjjA1_aF0x 0.87  0.98 0.34  0.40 0.20  0.64 0.66 12 35
DHV12_4fk4A1_ali_4fjlA1_aF0x 0.91  1.39 0.35  0.67 0.15  1.04 0.75 12 35
DHV12_4fk4A1_ali_4fjnA2_aF0x 0.92  8.47 1.21  7.30 0.85  7.25 0.86 12 35
DHV12_4fk4A1_ali_4fk2A1_aF0x 0.85  1.00 0.32  0.40 0.18  0.68 0.68 12 35
DHV12_4fk4A1_ali_4m3tA1_aF0x 0.79  1.23 0.54  0.27 0.18  0.69 0.56 12 35
DHV12_4fk4A1_ali_4m3yA1_aF0x 0.76  0.64 0.40  0.30 0.16  0.24 0.38 12 35
DHV12_4fk4A1_ali_4m3zA1_aF0x 0.88  1.28 0.28  0.30 0.20  1.00 0.78 12 35
DHV12_4fk4A1_ali_4m45A1_aF0x 0.72  1.49 0.76  0.65 0.33  0.74 0.49 12 35
DHV12_4m3tA1_ali_4fj7A1_aF0x 0.78  1.68 0.29  0.24 0.16  1.40 0.83 12 35
DHV12_4m3tA1_ali_4fj9A1_aF0x 0.79  1.74 0.38  0.28 0.15  1.35 0.78 12 35
DHV12_4m3tA1_ali_4fjjA1_aF0x 0.75  1.69 0.54  0.25 0.18  1.15 0.68 12 35
DHV12_4m3tA1_ali_4fjlA1_aF0x 0.76  2.21 0.59  0.78 0.22  1.62 0.73 12 35
DHV12_4m3tA1_ali_4fjnA2_aF0x 0.94  8.09 1.45  7.34 0.99  6.63 0.82 12 35
DHV12_4m3tA1_ali_4fk2A1_aF0x 0.74  1.73 0.57  0.27 0.21  1.17 0.67 12 35
DHV12_4m3tA1_ali_4fk4A1_aF0x 0.79  1.23 0.53  0.28 0.16  0.69 0.57 12 35
DHV12_4m3tA1_ali_4m3yA1_aF0x 0.79  1.35 0.63  0.22 0.21  0.72 0.53 12 35
DHV12_4m3tA1_ali_4m3zA1_aF0x 0.53  0.61 0.51  0.17 0.09  0.10 0.17 12 35
DHV12_4m3tA1_ali_4m45A1_aF0x 0.69  1.51 0.94  0.61 0.36  0.57 0.38 12 35
DHV12_4m3yA1_ali_4fj7A1_aF0x 0.68  0.90 0.62  0.27 0.20  0.28 0.31 12 35
DHV12_4m3yA1_ali_4fj9A1_aF0x 0.66  0.89 0.65  0.28 0.20  0.24 0.27 12 35
DHV12_4m3yA1_ali_4fjjA1_aF0x 0.84  0.76 0.33  0.28 0.20  0.43 0.56 12 35
DHV12_4m3yA1_ali_4fjlA1_aF0x 0.83  1.56 0.42  0.81 0.18  1.13 0.73 12 35
DHV12_4m3yA1_ali_4fjnA2_aF0x 0.92  8.47 1.25  7.37 0.90  7.22 0.85 12 35
DHV12_4m3yA1_ali_4fk2A1_aF0x 0.85  0.76 0.30  0.29 0.17  0.45 0.60 12 35
DHV12_4m3yA1_ali_4fk4A1_aF0x 0.72  0.65 0.42  0.30 0.14  0.23 0.35 12 35
DHV12_4m3yA1_ali_4m3tA1_aF0x 0.75  1.33 0.61  0.21 0.18  0.73 0.54 12 35
DHV12_4m3yA1_ali_4m3zA1_aF0x 0.87  1.30 0.27  0.20 0.13  1.03 0.79 12 35
DHV12_4m3yA1_ali_4m45A1_aF0x 0.79  1.44 0.74  0.57 0.29  0.70 0.49 12 35
DHV12_4m3zA1_ali_4fj7A1_aF0x 0.76  1.68 0.55  0.29 0.14  1.13 0.67 12 35
DHV12_4m3zA1_ali_4fj9A1_aF0x 0.77  1.74 0.61  0.32 0.15  1.12 0.65 12 35
DHV12_4m3zA1_ali_4fjjA1_aF0x 0.81  1.70 0.24  0.28 0.16  1.47 0.86 12 35
DHV12_4m3zA1_ali_4fjlA1_aF0x 0.78  2.27 0.34  0.86 0.19  1.93 0.85 12 35
DHV12_4m3zA1_ali_4fjnA2_aF0x 0.94  8.13 1.41  7.41 1.03  6.71 0.83 12 35
DHV12_4m3zA1_ali_4fk2A1_aF0x 0.80  1.73 0.23  0.27 0.15  1.50 0.87 12 35
DHV12_4m3zA1_ali_4fk4A1_aF0x 0.88  1.28 0.26  0.30 0.12  1.02 0.80 12 35
DHV12_4m3zA1_ali_4m3tA1_aF0x 0.52  0.61 0.51  0.17 0.09  0.10 0.17 12 35
DHV12_4m3zA1_ali_4m3yA1_aF0x 0.88  1.31 0.31  0.21 0.13  1.00 0.77 12 35
DHV12_4m3zA1_ali_4m45A1_aF0x 0.77  1.41 0.76  0.61 0.31  0.65 0.46 12 35
DHV12_4m45A1_ali_4fj7A1_aF0x 0.75  1.81 0.86  0.71 0.43  0.94 0.52 12 35
DHV12_4m45A1_ali_4fj9A1_aF0x 0.77  1.82 0.88  0.74 0.37  0.94 0.52 12 35
DHV12_4m45A1_ali_4fjjA1_aF0x 0.79  1.76 0.71  0.69 0.36  1.05 0.60 12 35
DHV12_4m45A1_ali_4fjlA1_aF0x 0.76  2.16 0.74  0.91 0.35  1.42 0.66 12 35
DHV12_4m45A1_ali_4fjnA2_aF0x 0.93  8.30 1.21  7.31 0.79  7.10 0.85 12 35
DHV12_4m45A1_ali_4fk2A1_aF0x 0.79  1.80 0.70  0.75 0.38  1.10 0.61 12 35
DHV12_4m45A1_ali_4fk4A1_aF0x 0.74  1.49 0.86  0.65 0.50  0.63 0.42 12 35
DHV12_4m45A1_ali_4m3tA1_aF0x 0.70  1.50 0.96  0.60 0.45  0.54 0.36 12 35
DHV12_4m45A1_ali_4m3yA1_aF0x 0.79  1.43 0.65  0.57 0.28  0.77 0.54 12 35
DHV12_4m45A1_ali_4m3zA1_aF0x 0.78  1.41 0.69  0.60 0.36  0.72 0.51 12 35
DHV13_2pa5A1_ali_4ge2A1_aF0x 0.78  0.20 0.13  0.13 0.11  0.07 0.34 12 30
DHV13_2pa5A1_ali_4ge6B1_aF0x 0.86  1.12 0.50  0.70 0.40  0.62 0.55 12 30
DHV13_2pa5A1_ali_4iczA2_aF0x 0.93  4.36 0.83  3.35 0.60  3.53 0.81 12 30
DHV13_4ge2A1_ali_2pa5A1_aF0x 0.79  0.20 0.13  0.13 0.11  0.07 0.35 12 30
DHV13_4ge2A1_ali_4ge6B1_aF0x 0.87  1.20 0.50  0.75 0.42  0.71 0.59 12 30
DHV13_4ge2A1_ali_4iczA2_aF0x 0.93  4.39 0.86  3.40 0.60  3.54 0.81 12 30
DHV13_4ge6B1_ali_2pa5A1_aF0x 0.87  1.12 0.50  0.70 0.43  0.62 0.55 12 30
DHV13_4ge6B1_ali_4ge2A1_aF0x 0.87  1.20 0.51  0.74 0.47  0.69 0.58 12 30
DHV13_4ge6B1_ali_4iczA2_aF0x 0.92  4.02 0.72  3.12 0.47  3.30 0.82 12 30
DHV13_4iczA2_ali_2pa5A1_aF0x 0.90  4.36 1.04  3.35 0.94  3.32 0.76 12 30
DHV13_4iczA2_ali_4ge2A1_aF0x 0.90  4.39 1.04  3.40 0.92  3.35 0.76 12 30
DHV13_4iczA2_ali_4ge6B1_aF0x 0.90  4.02 0.80  3.12 0.62  3.23 0.80 12 30
DHV14_4jhxA1_ali_4kwtC2_aF0x 0.73  3.34 0.91  2.87 0.74  2.44 0.73 12 31
DHV14_4kwtC2_ali_4jhxA1_aF0x 0.73  3.34 0.88  2.86 0.79  2.46 0.74 12 31
DHV15_3agnA1_ali_3agoA2_aF0x 0.75  7.71 0.91  7.25 0.57  6.80 0.88 12 30
DHV15_3agnA1_ali_3ahwA3_aF0x 0.79  6.62 0.96  5.52 0.73  5.66 0.85 12 30
DHV15_3agoA2_ali_3agnA1_aF0x 0.70  7.72 0.80  7.25 0.52  6.91 0.90 12 30
DHV15_3agoA2_ali_3ahwA3_aF0x 0.69  5.44 0.64  4.76 0.34  4.81 0.88 12 30
DHV15_3ahwA3_ali_3agnA1_aF0x 0.76  6.62 1.34  5.52 1.25  5.28 0.80 12 30
DHV15_3ahwA3_ali_3agoA2_aF0x 0.70  5.44 0.81  4.77 0.57  4.64 0.85 12 30
DHV16_1a4uB1_ali_1b16B2_aF0x 0.63  3.66 0.68  2.48 0.41  2.98 0.81 13 36
DHV16_1a4uB1_ali_1b2lA3_aF0x 0.61  2.85 0.65  1.72 0.41  2.21 0.77 13 36
DHV16_1a4uB1_ali_1sbyB2_aF0x 0.60  3.65 0.76  2.44 0.30  2.89 0.79 13 36
DHV16_1b16B2_ali_1a4uB1_aF0x 0.60  3.65 0.61  2.47 0.31  3.04 0.83 13 36
DHV16_1b16B2_ali_1b2lA3_aF0x 0.72  4.05 0.80  3.18 0.43  3.25 0.80 13 36
DHV16_1b16B2_ali_1sbyB2_aF0x 0.74  1.43 0.76  0.44 0.35  0.67 0.47 13 36
DHV16_1b2lA3_ali_1a4uB1_aF0x 0.61  2.85 0.63  1.73 0.36  2.22 0.78 13 36
DHV16_1b2lA3_ali_1b16B2_aF0x 0.73  4.07 0.82  3.21 0.50  3.26 0.80 13 36
DHV16_1b2lA3_ali_1sbyB2_aF0x 0.76  3.75 0.79  3.11 0.35  2.96 0.79 13 36
DHV16_1sbyB2_ali_1a4uB1_aF0x 0.57  3.64 0.81  2.43 0.38  2.82 0.78 13 36
DHV16_1sbyB2_ali_1b16B2_aF0x 0.75  1.43 0.76  0.44 0.28  0.67 0.47 13 36
DHV16_1sbyB2_ali_1b2lA3_aF0x 0.75  3.74 0.80  3.09 0.30  2.94 0.79 13 36
DHV17_3hszA1_ali_3ht0A2_aF0x 0.84 12.76 1.18 11.29 0.70 11.58 0.91 13 34
DHV17_3ht0A2_ali_3hszA1_aF0x 0.84 12.79 1.36 11.32 1.07 11.43 0.89 13 34
DHV18_3m7wD1_ali_3oexB1_aF0x 0.69  0.79 0.52  0.35 0.34  0.27 0.34 13 32
DHV18_3m7wD1_ali_4gfsA1_aF0x 0.77  1.12 0.55  0.37 0.28  0.57 0.51 13 32
DHV18_3m7wD1_ali_4guiB2_aF0x 0.88  5.16 0.53  4.37 0.39  4.63 0.90 13 32
DHV18_3m7wD1_ali_4gujB2_aF0x 0.87  5.14 0.57  4.36 0.44  4.56 0.89 13 32
DHV18_3oexB1_ali_3m7wD1_aF0x 0.74  0.80 0.56  0.36 0.29  0.23 0.29 13 32
DHV18_3oexB1_ali_4gfsA1_aF0x 0.81  1.12 0.51  0.27 0.31  0.60 0.54 13 32
DHV18_3oexB1_ali_4guiB2_aF0x 0.87  5.49 0.62  4.57 0.41  4.88 0.89 13 32
DHV18_3oexB1_ali_4gujB2_aF0x 0.88  5.48 0.67  4.57 0.47  4.81 0.88 13 32
DHV18_4gfsA1_ali_3m7wD1_aF0x 0.81  1.12 0.44  0.38 0.25  0.68 0.60 13 32
DHV18_4gfsA1_ali_3oexB1_aF0x 0.74  1.12 0.46  0.27 0.28  0.66 0.59 13 32
DHV18_4gfsA1_ali_4guiB2_aF0x 0.89  5.33 0.50  4.55 0.43  4.83 0.91 13 32
DHV18_4gfsA1_ali_4gujB2_aF0x 0.88  5.38 0.60  4.56 0.48  4.78 0.89 13 32
DHV18_4guiB2_ali_3m7wD1_aF0x 0.86  5.16 0.48  4.37 0.36  4.68 0.91 13 32
DHV18_4guiB2_ali_3oexB1_aF0x 0.86  5.49 0.62  4.56 0.40  4.88 0.89 13 32
DHV18_4guiB2_ali_4gfsA1_aF0x 0.88  5.33 0.50  4.55 0.42  4.83 0.91 13 32
DHV18_4guiB2_ali_4gujB2_aF0x 0.78  0.71 0.34  0.42 0.15  0.37 0.52 13 32
DHV18_4gujB2_ali_3m7wD1_aF0x 0.88  5.13 0.65  4.35 0.41  4.48 0.87 13 32
DHV18_4gujB2_ali_3oexB1_aF0x 0.88  5.48 0.88  4.57 0.51  4.60 0.84 13 32
DHV18_4gujB2_ali_4gfsA1_aF0x 0.88  5.38 0.65  4.56 0.45  4.73 0.88 13 32
DHV18_4gujB2_ali_4guiB2_aF0x 0.85  0.71 0.31  0.42 0.12  0.41 0.57 13 32
DHV19_1dg3A1_ali_1f5nA2_aF0x 0.87  6.30 1.42  5.38 1.27  4.88 0.77 13 36
DHV19_1f5nA2_ali_1dg3A1_aF0x 0.88  6.30 1.23  5.38 1.07  5.07 0.80 13 36
DHV20_3phgA1_ali_3phhA2_aF0x 0.80  3.74 1.15  3.14 0.67  2.59 0.69 13 35
DHV20_3phhA2_ali_3phgA1_aF0x 0.66  3.74 0.55  3.14 0.26  3.19 0.85 13 35
DHV21_3d05A1_ali_3d06A2_aF0x 0.71  5.41 0.85  4.27 0.48  4.56 0.84 14 38
DHV21_3d06A2_ali_3d05A1_aF0x 0.70  5.41 0.83  4.27 0.47  4.58 0.85 14 38
DHV22_3v0dB1_ali_3v0fA2_aF0x 0.81  7.20 1.19  6.80 0.78  6.01 0.84 14 40
DHV22_3v0dB1_ali_3v0gB1_aF0x 0.74  2.22 0.81  1.02 0.49  1.41 0.63 14 40
DHV22_3v0dB1_ali_3v0hB3_aF0x 0.88  8.41 1.25  8.59 0.88  7.15 0.85 14 40
DHV22_3v0fA2_ali_3v0dB1_aF0x 0.82  7.20 1.06  6.80 0.69  6.14 0.85 14 40
DHV22_3v0fA2_ali_3v0gB1_aF0x 0.79  7.95 1.15  7.16 0.67  6.80 0.86 14 40
DHV22_3v0fA2_ali_3v0hB3_aF0x 0.87  9.35 1.73  8.66 1.19  7.63 0.82 14 40
DHV22_3v0gB1_ali_3v0dB1_aF0x 0.69  2.23 1.10  1.02 0.46  1.13 0.51 14 40
DHV22_3v0gB1_ali_3v0fA2_aF0x 0.75  7.94 1.39  7.16 1.01  6.55 0.82 14 40
DHV22_3v0gB1_ali_3v0hB3_aF0x 0.86  8.38 1.09  8.41 0.58  7.29 0.87 14 40
DHV22_3v0hB3_ali_3v0dB1_aF0x 0.86  8.41 1.39  8.60 1.05  7.02 0.83 14 40
DHV22_3v0hB3_ali_3v0fA2_aF0x 0.88  9.37 1.51  8.68 1.11  7.86 0.84 14 40
DHV22_3v0hB3_ali_3v0gB1_aF0x 0.86  8.38 1.15  8.41 0.82  7.22 0.86 14 40
DHV23_4mxrB1_ali_4myfA2_aF0x 0.87  2.99 0.71  2.86 0.41  2.28 0.76 14 35
DHV23_4mxrB1_ali_4mykA2_aF0x 0.88  3.56 0.72  2.82 0.39  2.84 0.80 14 35
DHV23_4mxrB1_ali_4mylA2_aF0x 0.85  3.31 0.86  2.80 0.54  2.45 0.74 14 35
DHV23_4myfA2_ali_4mxrB1_aF0x 0.90  2.98 0.77  2.85 0.52  2.20 0.74 14 35
DHV23_4myfA2_ali_4mykA2_aF0x 0.76  1.55 0.60  0.19 0.12  0.95 0.61 14 35
DHV23_4myfA2_ali_4mylA2_aF0x 0.81  1.30 0.49  0.32 0.29  0.81 0.62 14 35
DHV23_4mykA2_ali_4mxrB1_aF0x 0.89  3.54 0.80  2.81 0.50  2.74 0.77 14 35
DHV23_4mykA2_ali_4myfA2_aF0x 0.76  1.56 0.58  0.18 0.26  0.98 0.63 14 35
DHV23_4mykA2_ali_4mylA2_aF0x 0.69  1.80 0.85  0.38 0.45  0.95 0.53 14 35
DHV23_4mylA2_ali_4mxrB1_aF0x 0.91  3.30 0.96  2.79 0.60  2.34 0.71 14 35
DHV23_4mylA2_ali_4myfA2_aF0x 0.77  1.29 0.55  0.32 0.26  0.75 0.58 14 35
DHV23_4mylA2_ali_4mykA2_aF0x 0.71  1.81 0.80  0.37 0.32  1.01 0.56 14 35
DHV24_2ce2X1_ali_2cl0X2_aF0x 0.54  2.96 0.84  1.71 0.50  2.12 0.72 14 40
DHV24_2ce2X1_ali_2cl6X3_aF0x 0.59  3.84 0.96  2.43 0.77  2.87 0.75 14 40
DHV24_2ce2X1_ali_2cl7X4_aF0x 0.47  2.94 0.96  1.72 0.58  1.98 0.67 14 40
DHV24_2ce2X1_ali_2clcX4_aF0x 0.47  2.93 0.98  1.63 0.64  1.95 0.67 14 40
DHV24_2ce2X1_ali_2evwX4_aF0x 0.53  2.91 0.97  1.61 0.63  1.94 0.67 14 40
DHV24_2cl0X2_ali_2ce2X1_aF0x 0.57  2.96 0.86  1.71 0.55  2.10 0.71 14 40
DHV24_2cl0X2_ali_2cl6X3_aF0x 0.68  3.63 0.59  2.33 0.38  3.05 0.84 14 40
DHV24_2cl0X2_ali_2cl7X4_aF0x 0.73  2.22 0.77  1.49 0.42  1.45 0.65 14 40
DHV24_2cl0X2_ali_2clcX4_aF0x 0.72  2.15 0.69  1.34 0.37  1.45 0.68 14 40
DHV24_2cl0X2_ali_2evwX4_aF0x 0.73  2.01 0.77  1.11 0.37  1.24 0.62 14 40
DHV24_2cl6X3_ali_2ce2X1_aF0x 0.62  3.83 0.93  2.43 0.64  2.90 0.76 14 40
DHV24_2cl6X3_ali_2cl0X2_aF0x 0.74  3.64 0.66  2.33 0.49  2.98 0.82 14 40
DHV24_2cl6X3_ali_2cl7X4_aF0x 0.66  3.35 0.74  1.95 0.33  2.61 0.78 14 40
DHV24_2cl6X3_ali_2clcX4_aF0x 0.69  3.48 0.74  1.99 0.37  2.74 0.79 14 40
DHV24_2cl6X3_ali_2evwX4_aF0x 0.67  3.44 0.68  2.07 0.36  2.76 0.80 14 40
DHV24_2cl7X4_ali_2ce2X1_aF0x 0.53  2.93 0.98  1.71 0.64  1.96 0.67 14 40
DHV24_2cl7X4_ali_2cl0X2_aF0x 0.73  2.21 0.80  1.49 0.44  1.41 0.64 14 40
DHV24_2cl7X4_ali_2cl6X3_aF0x 0.60  3.34 0.68  1.94 0.32  2.65 0.80 14 40
DHV24_2cl7X4_ali_2clcX4_aF0x 0.66  0.75 0.28  0.38 0.16  0.47 0.62 14 40
DHV24_2cl7X4_ali_2evwX4_aF0x 0.74  1.60 0.65  0.82 0.32  0.94 0.59 14 40
DHV24_2clcX4_ali_2ce2X1_aF0x 0.50  2.92 0.94  1.63 0.58  1.98 0.68 14 40
DHV24_2clcX4_ali_2cl0X2_aF0x 0.71  2.14 0.73  1.34 0.38  1.42 0.66 14 40
DHV24_2clcX4_ali_2cl6X3_aF0x 0.65  3.47 0.71  1.99 0.35  2.77 0.80 14 40
DHV24_2clcX4_ali_2cl7X4_aF0x 0.70  0.75 0.29  0.38 0.17  0.46 0.62 14 40
DHV24_2clcX4_ali_2evwX4_aF0x 0.72  1.36 0.62  0.55 0.27  0.74 0.54 14 40
DHV24_2evwX4_ali_2ce2X1_aF0x 0.55  2.91 0.86  1.60 0.56  2.05 0.70 14 40
DHV24_2evwX4_ali_2cl0X2_aF0x 0.72  2.01 0.78  1.11 0.35  1.23 0.61 14 40
DHV24_2evwX4_ali_2cl6X3_aF0x 0.60  3.44 0.63  2.07 0.28  2.81 0.82 14 40
DHV24_2evwX4_ali_2cl7X4_aF0x 0.75  1.60 0.62  0.82 0.23  0.98 0.61 14 40
DHV24_2evwX4_ali_2clcX4_aF0x 0.73  1.36 0.57  0.55 0.19  0.79 0.58 14 40
DHV25_1gqyB1_ali_1p31B2_aF0x 0.85 10.46 1.27  9.51 1.19  9.19 0.88 14 39
DHV25_1gqyB1_ali_1p3dA2_aF0x 0.85 10.49 1.20  9.55 1.17  9.29 0.89 14 39
DHV25_1p31B2_ali_1gqyB1_aF0x 0.81 10.45 1.14  9.51 0.92  9.31 0.89 14 39
DHV25_1p31B2_ali_1p3dA2_aF0x 0.77  0.39 0.24  0.20 0.12  0.15 0.38 14 39
DHV25_1p3dA2_ali_1gqyB1_aF0x 0.80 10.49 1.09  9.54 0.90  9.40 0.90 14 39
DHV25_1p3dA2_ali_1p31B2_aF0x 0.78  0.39 0.26  0.21 0.12  0.13 0.33 14 39
DHV26_2rbtX1_ali_2rbuX2_aF0x 0.82  4.39 0.77  5.23 0.60  3.62 0.82 15 37
DHV26_2rbtX1_ali_2rbvX1_aF0x 0.85  0.10 0.06  0.09 0.05  0.04 0.40 15 37
DHV26_2rbtX1_ali_2rbwX3_aF0x 0.65  3.03 0.87  3.48 0.63  2.16 0.71 15 37
DHV26_2rbtX1_ali_2rbxX1_aF0x 0.89  0.24 0.11  0.23 0.11  0.13 0.52 15 37
DHV26_2rbtX1_ali_2rbyX1_aF0x 0.87  0.17 0.09  0.14 0.08  0.08 0.48 15 37
DHV26_2rbtX1_ali_2rbzX1_aF0x 0.90  0.22 0.10  0.22 0.10  0.12 0.54 15 37
DHV26_2rbtX1_ali_2rc0X1_aF0x 0.84  0.30 0.16  0.23 0.10  0.14 0.46 15 37
DHV26_2rbtX1_ali_2rc2X3_aF0x 0.66  3.04 0.87  3.50 0.61  2.17 0.71 15 37
DHV26_2rbuX2_ali_2rbtX1_aF0x 0.75  4.39 0.57  5.23 0.44  3.82 0.87 15 37
DHV26_2rbuX2_ali_2rbvX1_aF0x 0.75  4.37 0.57  5.21 0.44  3.81 0.87 15 37
DHV26_2rbuX2_ali_2rbwX3_aF0x 0.84  2.33 0.53  2.45 0.38  1.80 0.77 15 37
DHV26_2rbuX2_ali_2rbxX1_aF0x 0.74  4.44 0.60  5.30 0.50  3.85 0.87 15 37
DHV26_2rbuX2_ali_2rbyX1_aF0x 0.75  4.42 0.57  5.27 0.45  3.85 0.87 15 37
DHV26_2rbuX2_ali_2rbzX1_aF0x 0.75  4.46 0.60  5.32 0.48  3.86 0.87 15 37
DHV26_2rbuX2_ali_2rc0X1_aF0x 0.74  4.46 0.54  5.31 0.46  3.92 0.88 15 37
DHV26_2rbuX2_ali_2rc2X3_aF0x 0.85  2.29 0.53  2.40 0.39  1.76 0.77 15 37
DHV26_2rbvX1_ali_2rbtX1_aF0x 0.84  0.10 0.06  0.09 0.05  0.04 0.38 15 37
DHV26_2rbvX1_ali_2rbuX2_aF0x 0.82  4.37 0.54  5.21 0.43  3.83 0.88 15 37
DHV26_2rbvX1_ali_2rbwX3_aF0x 0.65  3.02 0.86  3.47 0.62  2.17 0.72 15 37
DHV26_2rbvX1_ali_2rbxX1_aF0x 0.92  0.30 0.12  0.30 0.11  0.18 0.59 15 37
DHV26_2rbvX1_ali_2rbyX1_aF0x 0.91  0.21 0.08  0.19 0.08  0.13 0.60 15 37
DHV26_2rbvX1_ali_2rbzX1_aF0x 0.92  0.27 0.11  0.28 0.10  0.17 0.61 15 37
DHV26_2rbvX1_ali_2rc0X1_aF0x 0.88  0.32 0.15  0.29 0.09  0.16 0.52 15 37
DHV26_2rbvX1_ali_2rc2X3_aF0x 0.65  3.04 0.85  3.49 0.59  2.18 0.72 15 37
DHV26_2rbwX3_ali_2rbtX1_aF0x 0.67  3.03 0.50  3.48 0.44  2.53 0.83 15 37
DHV26_2rbwX3_ali_2rbuX2_aF0x 0.88  2.34 0.71  2.46 0.56  1.63 0.70 15 37
DHV26_2rbwX3_ali_2rbvX1_aF0x 0.66  3.02 0.50  3.47 0.44  2.53 0.84 15 37
DHV26_2rbwX3_ali_2rbxX1_aF0x 0.66  3.10 0.51  3.59 0.47  2.59 0.83 15 37
DHV26_2rbwX3_ali_2rbyX1_aF0x 0.66  3.06 0.51  3.52 0.45  2.55 0.83 15 37
DHV26_2rbwX3_ali_2rbzX1_aF0x 0.67  3.10 0.51  3.59 0.46  2.59 0.84 15 37
DHV26_2rbwX3_ali_2rc0X1_aF0x 0.67  3.08 0.51  3.58 0.46  2.57 0.84 15 37
DHV26_2rbwX3_ali_2rc2X3_aF0x 0.84  0.11 0.07  0.13 0.08  0.04 0.38 15 37
DHV26_2rbxX1_ali_2rbtX1_aF0x 0.87  0.24 0.12  0.23 0.11  0.12 0.51 15 37
DHV26_2rbxX1_ali_2rbuX2_aF0x 0.82  4.44 0.56  5.29 0.48  3.88 0.87 15 37
DHV26_2rbxX1_ali_2rbvX1_aF0x 0.89  0.29 0.12  0.30 0.12  0.17 0.58 15 37
DHV26_2rbxX1_ali_2rbwX3_aF0x 0.65  3.10 0.87  3.59 0.64  2.23 0.72 15 37
DHV26_2rbxX1_ali_2rbyX1_aF0x 0.83  0.18 0.10  0.19 0.10  0.07 0.43 15 37
DHV26_2rbxX1_ali_2rbzX1_aF0x 0.77  0.14 0.09  0.12 0.09  0.04 0.32 15 37
DHV26_2rbxX1_ali_2rc0X1_aF0x 0.81  0.23 0.13  0.15 0.10  0.09 0.40 15 37
DHV26_2rbxX1_ali_2rc2X3_aF0x 0.65  3.11 0.86  3.61 0.62  2.25 0.72 15 37
DHV26_2rbyX1_ali_2rbtX1_aF0x 0.87  0.16 0.08  0.13 0.08  0.08 0.48 15 37
DHV26_2rbyX1_ali_2rbuX2_aF0x 0.82  4.42 0.55  5.26 0.44  3.87 0.88 15 37
DHV26_2rbyX1_ali_2rbvX1_aF0x 0.92  0.21 0.08  0.19 0.08  0.12 0.59 15 37
DHV26_2rbyX1_ali_2rbwX3_aF0x 0.64  3.06 0.59  3.52 0.53  2.46 0.81 15 37
DHV26_2rbyX1_ali_2rbxX1_aF0x 0.84  0.18 0.10  0.19 0.10  0.08 0.44 15 37
DHV26_2rbyX1_ali_2rbzX1_aF0x 0.88  0.16 0.08  0.17 0.07  0.08 0.50 15 37
DHV26_2rbyX1_ali_2rc0X1_aF0x 0.79  0.24 0.15  0.16 0.10  0.09 0.37 15 37
DHV26_2rbyX1_ali_2rc2X3_aF0x 0.65  3.07 0.85  3.55 0.60  2.22 0.72 15 37
DHV26_2rbzX1_ali_2rbtX1_aF0x 0.90  0.21 0.10  0.22 0.10  0.11 0.54 15 37
DHV26_2rbzX1_ali_2rbuX2_aF0x 0.83  4.46 0.57  5.31 0.48  3.88 0.87 15 37
DHV26_2rbzX1_ali_2rbvX1_aF0x 0.93  0.27 0.11  0.28 0.10  0.17 0.61 15 37
DHV26_2rbzX1_ali_2rbwX3_aF0x 0.66  3.09 0.86  3.58 0.63  2.23 0.72 15 37
DHV26_2rbzX1_ali_2rbxX1_aF0x 0.78  0.14 0.09  0.12 0.09  0.04 0.32 15 37
DHV26_2rbzX1_ali_2rbyX1_aF0x 0.88  0.15 0.08  0.17 0.07  0.07 0.49 15 37
DHV26_2rbzX1_ali_2rc0X1_aF0x 0.84  0.25 0.14  0.12 0.07  0.11 0.44 15 37
DHV26_2rbzX1_ali_2rc2X3_aF0x 0.66  3.11 0.85  3.61 0.61  2.25 0.73 15 37
DHV26_2rc0X1_ali_2rbtX1_aF0x 0.84  0.29 0.16  0.23 0.10  0.13 0.44 15 37
DHV26_2rc0X1_ali_2rbuX2_aF0x 0.82  4.45 0.52  5.30 0.44  3.93 0.88 15 37
DHV26_2rc0X1_ali_2rbvX1_aF0x 0.87  0.31 0.16  0.28 0.10  0.15 0.49 15 37
DHV26_2rc0X1_ali_2rbwX3_aF0x 0.66  3.08 0.87  3.58 0.63  2.21 0.72 15 37
DHV26_2rc0X1_ali_2rbxX1_aF0x 0.81  0.22 0.14  0.14 0.10  0.08 0.37 15 37
DHV26_2rc0X1_ali_2rbyX1_aF0x 0.79  0.24 0.16  0.16 0.10  0.09 0.36 15 37
DHV26_2rc0X1_ali_2rbzX1_aF0x 0.84  0.24 0.14  0.12 0.08  0.10 0.42 15 37
DHV26_2rc0X1_ali_2rc2X3_aF0x 0.66  3.09 0.86  3.61 0.61  2.24 0.72 15 37
DHV26_2rc2X3_ali_2rbtX1_aF0x 0.67  3.04 0.49  3.51 0.44  2.55 0.84 15 37
DHV26_2rc2X3_ali_2rbuX2_aF0x 0.88  2.30 0.69  2.41 0.54  1.61 0.70 15 37
DHV26_2rc2X3_ali_2rbvX1_aF0x 0.67  3.03 0.48  3.49 0.43  2.55 0.84 15 37
DHV26_2rc2X3_ali_2rbwX3_aF0x 0.84  0.11 0.07  0.13 0.08  0.05 0.40 15 37
DHV26_2rc2X3_ali_2rbxX1_aF0x 0.66  3.11 0.50  3.62 0.47  2.62 0.84 15 37
DHV26_2rc2X3_ali_2rbyX1_aF0x 0.66  3.07 0.49  3.55 0.44  2.58 0.84 15 37
DHV26_2rc2X3_ali_2rbzX1_aF0x 0.67  3.11 0.49  3.61 0.45  2.62 0.84 15 37
DHV26_2rc2X3_ali_2rc0X1_aF0x 0.67  3.09 0.50  3.61 0.46  2.60 0.84 15 37
DHV27_5ktaA1_ali_5ktcA2_aF0x 0.85  8.41 1.16  7.49 1.08  7.25 0.86 15 44
DHV27_5ktaA1_ali_5ktdA2_aF0x 0.85  8.39 1.15  7.47 1.06  7.24 0.86 15 44
DHV27_5ktcA2_ali_5ktaA1_aF0x 0.86  8.42 0.96  7.49 0.84  7.46 0.89 15 44
DHV27_5ktcA2_ali_5ktdA2_aF0x 0.74  0.16 0.11  0.11 0.07  0.04 0.27 15 44
DHV27_5ktdA2_ali_5ktaA1_aF0x 0.85  8.40 0.97  7.48 0.91  7.42 0.88 15 44
DHV27_5ktdA2_ali_5ktcA2_aF0x 0.73  0.16 0.12  0.11 0.07  0.04 0.27 15 44
DHV28_2yjdB2_ali_3omqA2_aF0x 0.81  2.74 0.80  2.18 0.44  1.94 0.71 15 36
DHV28_3omqA2_ali_2yjdB2_aF0x 0.79  2.73 0.88  2.17 0.48  1.85 0.68 15 36
DHV29_3illA1_ali_3iloA2_aF0x 0.77  7.92 1.27  4.80 1.08  6.65 0.84 15 40
DHV29_3iloA2_ali_3illA1_aF0x 0.78  7.92 1.61  4.80 1.03  6.31 0.80 15 40
DHV30_2xguA1_ali_2xgyA2_aF0x 0.95  7.33 0.85  7.42 0.54  6.47 0.88 15 29
DHV30_2xgyA2_ali_2xguA1_aF0x 0.95  7.33 1.15  7.43 0.98  6.18 0.84 15 29
#------------------------------------------------------------------
#Avg(392):                   0.76  3.10 0.70  2.45 0.44  2.41 0.65 13 35
#Sig(392):                   0.12  2.58 0.36  2.51 0.31  2.33 0.21  2  4
#Med(392):                   0.77  2.31 0.65  1.62 0.39  1.81 0.70 12 35
