# Morphing          RmsdI RmsdF  RmsdINCAC  RmsdFNCAC  N_res N_dh  RmsdD delta0 Motion
# ---------------------------------------------------------------------------------------------------------
DHV01_3iu1B1_ali_3iu2A2_aF0  4.33 1.55 3.39 0.52 10 19 0.65 0.64
DHV01_3iu1B1_ali_3iweA2_aF0  4.40 1.53 3.53 0.58 10 19 0.67 0.65
DHV01_3iu1B1_ali_3jtkA2_aF0  4.48 1.56 3.56 0.56 10 19 0.68 0.65
DHV01_3iu2A2_ali_3iu1B1_aF0  4.33 1.49 3.39 0.65 10 19 0.68 0.66
DHV01_3iu2A2_ali_3iweA2_aF0  0.72 0.62 0.35 0.19 10 19 0.48 0.14
DHV01_3iu2A2_ali_3jtkA2_aF0  0.66 0.47 0.43 0.21 10 19 0.68 0.29
DHV01_3iweA2_ali_3iu1B1_aF0  4.40 1.56 3.53 0.84 10 19 0.68 0.65
DHV01_3iweA2_ali_3iu2A2_aF0  0.72 0.65 0.35 0.25 10 19 0.44 0.10
DHV01_3iweA2_ali_3jtkA2_aF0  0.72 0.64 0.30 0.18 10 19 0.45 0.10
DHV01_3jtkA2_ali_3iu1B1_aF0  4.48 1.56 3.56 0.72 10 19 0.68 0.65
DHV01_3jtkA2_ali_3iu2A2_aF0  0.66 0.54 0.44 0.32 10 19 0.60 0.17
DHV01_3jtkA2_ali_3iweA2_aF0  0.72 0.64 0.30 0.16 10 19 0.47 0.11
DHV02_4hidA1_ali_4hikA1_aF0  1.97 1.44 0.83 0.62 10 20 0.69 0.27
DHV02_4hidA1_ali_4himA1_aF0  1.94 1.45 0.76 0.59 10 20 0.67 0.25
DHV02_4hidA1_ali_4hioA1_aF0  0.85 0.81 0.22 0.18 10 20 0.33 0.05
DHV02_4hidA1_ali_4hj7A2_aF0  3.40 1.64 2.25 0.93 10 20 0.61 0.52
DHV02_4hidA1_ali_4hj9A1_aF0  1.63 1.23 0.77 0.46 10 20 0.68 0.24
DHV02_4hikA1_ali_4hidA1_aF0  1.97 1.34 0.83 0.62 10 20 0.70 0.32
DHV02_4hikA1_ali_4himA1_aF0  0.22 0.18 0.18 0.14 10 20 0.57 0.19
DHV02_4hikA1_ali_4hioA1_aF0  1.96 1.28 0.77 0.60 10 20 0.74 0.35
DHV02_4hikA1_ali_4hj7A2_aF0  3.18 1.51 2.36 0.97 10 20 0.52 0.53
DHV02_4hikA1_ali_4hj9A1_aF0  0.96 0.76 0.20 0.31 10 20 0.60 0.20
DHV02_4himA1_ali_4hidA1_aF0  1.94 1.34 0.76 0.61 10 20 0.70 0.31
DHV02_4himA1_ali_4hikA1_aF0  0.22 0.18 0.18 0.14 10 20 0.58 0.19
DHV02_4himA1_ali_4hioA1_aF0  1.93 1.27 0.68 0.59 10 20 0.73 0.34
DHV02_4himA1_ali_4hj7A2_aF0  3.20 1.52 2.39 0.97 10 20 0.55 0.52
DHV02_4himA1_ali_4hj9A1_aF0  0.96 0.76 0.16 0.30 10 20 0.62 0.21
DHV02_4hioA1_ali_4hidA1_aF0  0.85 0.80 0.22 0.18 10 20 0.32 0.06
DHV02_4hioA1_ali_4hikA1_aF0  1.96 1.34 0.77 0.61 10 20 0.72 0.31
DHV02_4hioA1_ali_4himA1_aF0  1.93 1.35 0.68 0.59 10 20 0.70 0.30
DHV02_4hioA1_ali_4hj7A2_aF0  3.45 1.63 2.32 0.97 10 20 0.60 0.53
DHV02_4hioA1_ali_4hj9A1_aF0  1.64 1.24 0.71 0.43 10 20 0.67 0.25
DHV02_4hj7A2_ali_4hidA1_aF0  3.40 1.53 2.25 0.71 10 20 0.52 0.55
DHV02_4hj7A2_ali_4hikA1_aF0  3.18 1.65 2.36 0.97 10 20 0.40 0.48
DHV02_4hj7A2_ali_4himA1_aF0  3.20 1.67 2.39 0.97 10 20 0.40 0.48
DHV02_4hj7A2_ali_4hioA1_aF0  3.45 1.52 2.32 0.71 10 20 0.52 0.56
DHV02_4hj7A2_ali_4hj9A1_aF0  3.16 1.42 2.33 0.75 10 20 0.46 0.55
DHV02_4hj9A1_ali_4hidA1_aF0  1.63 1.20 0.77 0.52 10 20 0.65 0.26
DHV02_4hj9A1_ali_4hikA1_aF0  0.96 0.76 0.20 0.32 10 20 0.58 0.20
DHV02_4hj9A1_ali_4himA1_aF0  0.96 0.77 0.16 0.31 10 20 0.57 0.20
DHV02_4hj9A1_ali_4hioA1_aF0  1.64 1.23 0.71 0.51 10 20 0.66 0.25
DHV02_4hj9A1_ali_4hj7A2_aF0  3.16 1.37 2.33 0.85 10 20 0.55 0.57
DHV03_4kfrB1_ali_4kfuA2_aF0  6.41 1.79 4.56 0.96 10 20 0.80 0.72
DHV03_4kfuA2_ali_4kfrB1_aF0  6.41 1.76 4.56 0.92 10 20 0.79 0.73
DHV04_3waeA1_ali_3wafB2_aF0  3.98 1.91 3.12 1.13 10 19 0.79 0.52
DHV04_3wafB2_ali_3waeA1_aF0  3.98 2.08 3.12 1.26 10 19 0.76 0.48
DHV05_3mp6A1_ali_3mp8A2_aF0  5.65 2.24 5.33 1.45 10 18 0.78 0.60
DHV05_3mp8A2_ali_3mp6A1_aF0  5.65 2.21 5.33 1.48 10 18 0.76 0.61
DHV06_1xbbA1_ali_4fyoA2_aF0  3.54 1.33 3.18 1.08 11 22 0.88 0.63
DHV06_1xbbA1_ali_4i0sA2_aF0  4.08 1.57 3.82 1.40 11 22 0.89 0.62
DHV06_1xbbA1_ali_4i0tA2_aF0  3.57 2.46 2.62 1.50 11 22 0.49 0.31
DHV06_4fyoA2_ali_1xbbA1_aF0  3.54 1.31 3.18 0.94 11 22 0.85 0.63
DHV06_4fyoA2_ali_4i0sA2_aF0  1.47 1.17 0.94 0.45 11 22 0.63 0.21
DHV06_4fyoA2_ali_4i0tA2_aF0  3.27 1.39 2.09 1.12 11 22 0.77 0.57
DHV06_4i0sA2_ali_1xbbA1_aF0  4.08 1.29 3.82 1.06 11 22 0.85 0.68
DHV06_4i0sA2_ali_4fyoA2_aF0  1.47 1.14 0.94 0.47 11 22 0.61 0.22
DHV06_4i0sA2_ali_4i0tA2_aF0  3.99 2.31 2.81 1.53 11 22 0.73 0.42
DHV06_4i0tA2_ali_1xbbA1_aF0  3.57 1.37 2.62 0.93 11 22 0.79 0.62
DHV06_4i0tA2_ali_4fyoA2_aF0  3.27 2.24 2.09 0.87 11 22 0.78 0.32
DHV06_4i0tA2_ali_4i0sA2_aF0  3.99 2.74 2.81 0.93 11 22 0.78 0.31
DHV07_3n4fA1_ali_3qpeD2_aF0  5.80 0.93 4.17 0.40 11 22 0.83 0.84
DHV07_3n4fA1_ali_3vccA2_aF0  5.78 0.93 4.17 0.49 11 22 0.83 0.84
DHV07_3qpeD2_ali_3n4fA1_aF0  5.80 0.97 4.17 0.61 11 22 0.83 0.83
DHV07_3qpeD2_ali_3vccA2_aF0  0.25 0.18 0.22 0.13 11 22 0.66 0.26
DHV07_3vccA2_ali_3n4fA1_aF0  5.78 0.99 4.17 0.65 11 22 0.83 0.83
DHV07_3vccA2_ali_3qpeD2_aF0  0.25 0.19 0.22 0.14 11 22 0.64 0.25
DHV08_2vovA1_ali_2voxA2_aF0  4.30 0.87 3.05 0.53 11 21 0.66 0.80
DHV08_2voxA2_ali_2vovA1_aF0  4.30 0.85 3.05 0.57 11 21 0.73 0.80
DHV09_2q9fA1_ali_3mdmA2_aF0  6.32 1.69 4.81 1.25 11 21 0.78 0.73
DHV09_3mdmA2_ali_2q9fA1_aF0  6.32 1.69 4.81 1.26 11 21 0.71 0.73
DHV10_3irsC1_ali_3k4wL2_aF0  5.14 1.51 4.39 1.02 11 22 0.86 0.71
DHV10_3k4wL2_ali_3irsC1_aF0  5.14 1.47 4.39 0.96 11 22 0.89 0.71
DHV11_3gnoA1_ali_3gnpA1_aF0  5.04 0.97 4.24 0.48 12 24 0.76 0.81
DHV11_3gnoA1_ali_3gnrA2_aF0  0.74 0.66 0.18 0.25 12 24 0.44 0.11
DHV11_3gnpA1_ali_3gnoA1_aF0  5.04 1.11 4.24 0.53 12 24 0.75 0.78
DHV11_3gnpA1_ali_3gnrA2_aF0  4.84 1.11 4.14 0.44 12 24 0.76 0.77
DHV11_3gnrA2_ali_3gnoA1_aF0  0.74 0.66 0.18 0.24 12 24 0.44 0.11
DHV11_3gnrA2_ali_3gnpA1_aF0  4.84 1.08 4.14 0.54 12 24 0.77 0.78
DHV12_4fj7A1_ali_4fj9A1_aF0  0.42 0.38 0.17 0.07 12 24 0.41 0.09
DHV12_4fj7A1_ali_4fjjA1_aF0  0.54 0.52 0.12 0.08 12 24 0.21 0.02
DHV12_4fj7A1_ali_4fjlA1_aF0  1.38 0.81 0.80 0.34 12 24 0.73 0.42
DHV12_4fj7A1_ali_4fjnA2_aF0  8.33 2.10 7.34 1.08 12 24 0.92 0.75
DHV12_4fj7A1_ali_4fk2A1_aF0  0.59 0.56 0.19 0.10 12 24 0.30 0.05
DHV12_4fj7A1_ali_4fk4A1_aF0  1.14 0.70 0.42 0.21 12 24 0.72 0.39
DHV12_4fj7A1_ali_4m3tA1_aF0  1.71 0.99 0.25 0.50 12 24 0.73 0.42
DHV12_4fj7A1_ali_4m3yA1_aF0  0.92 0.64 0.27 0.17 12 24 0.64 0.30
DHV12_4fj7A1_ali_4m3zA1_aF0  1.71 0.94 0.30 0.50 12 24 0.74 0.45
DHV12_4fj7A1_ali_4m45A1_aF0  1.83 1.10 0.72 0.42 12 24 0.62 0.40
DHV12_4fj9A1_ali_4fj7A1_aF0  0.42 0.38 0.17 0.07 12 24 0.42 0.09
DHV12_4fj9A1_ali_4fjjA1_aF0  0.62 0.60 0.19 0.09 12 24 0.28 0.04
DHV12_4fj9A1_ali_4fjlA1_aF0  1.45 0.87 0.84 0.33 12 24 0.74 0.40
DHV12_4fj9A1_ali_4fjnA2_aF0  8.46 2.10 7.44 1.10 12 24 0.92 0.75
DHV12_4fj9A1_ali_4fk2A1_aF0  0.64 0.61 0.21 0.11 12 24 0.28 0.04
DHV12_4fj9A1_ali_4fk4A1_aF0  1.17 0.76 0.48 0.19 12 24 0.71 0.35
DHV12_4fj9A1_ali_4m3tA1_aF0  1.76 1.03 0.30 0.49 12 24 0.74 0.42
DHV12_4fj9A1_ali_4m3yA1_aF0  0.91 0.67 0.29 0.17 12 24 0.62 0.27
DHV12_4fj9A1_ali_4m3zA1_aF0  1.77 0.98 0.35 0.50 12 24 0.76 0.45
DHV12_4fj9A1_ali_4m45A1_aF0  1.84 1.06 0.76 0.46 12 24 0.66 0.42
DHV12_4fjjA1_ali_4fj7A1_aF0  0.54 0.52 0.12 0.08 12 24 0.22 0.02
DHV12_4fjjA1_ali_4fj9A1_aF0  0.62 0.60 0.19 0.09 12 24 0.28 0.04
DHV12_4fjjA1_ali_4fjlA1_aF0  1.29 0.65 0.83 0.32 12 24 0.78 0.50
DHV12_4fjjA1_ali_4fjnA2_aF0  8.42 2.09 7.41 1.10 12 24 0.92 0.75
DHV12_4fjjA1_ali_4fk2A1_aF0  0.26 0.20 0.20 0.12 12 24 0.62 0.22
DHV12_4fjjA1_ali_4fk4A1_aF0  1.04 0.49 0.43 0.22 12 24 0.81 0.52
DHV12_4fjjA1_ali_4m3tA1_aF0  1.72 1.02 0.26 0.49 12 24 0.73 0.41
DHV12_4fjjA1_ali_4m3yA1_aF0  0.78 0.39 0.29 0.19 12 24 0.81 0.50
DHV12_4fjjA1_ali_4m3zA1_aF0  1.74 0.90 0.30 0.53 12 24 0.76 0.48
DHV12_4fjjA1_ali_4m45A1_aF0  1.79 1.00 0.70 0.44 12 24 0.65 0.44
DHV12_4fjlA1_ali_4fj7A1_aF0  1.38 0.80 0.80 0.30 12 24 0.77 0.42
DHV12_4fjlA1_ali_4fj9A1_aF0  1.45 0.88 0.84 0.32 12 24 0.75 0.39
DHV12_4fjlA1_ali_4fjjA1_aF0  1.29 0.65 0.83 0.30 12 24 0.81 0.50
DHV12_4fjlA1_ali_4fjnA2_aF0  8.12 1.89 6.93 0.88 12 24 0.92 0.77
DHV12_4fjlA1_ali_4fk2A1_aF0  1.34 0.68 0.88 0.31 12 24 0.82 0.49
DHV12_4fjlA1_ali_4fk4A1_aF0  1.42 0.38 0.69 0.18 12 24 0.84 0.73
DHV12_4fjlA1_ali_4m3tA1_aF0  2.23 0.93 0.79 0.47 12 24 0.73 0.58
DHV12_4fjlA1_ali_4m3yA1_aF0  1.58 0.62 0.83 0.28 12 24 0.79 0.61
DHV12_4fjlA1_ali_4m3zA1_aF0  2.29 0.85 0.87 0.49 12 24 0.73 0.63
DHV12_4fjlA1_ali_4m45A1_aF0  2.18 0.94 0.92 0.36 12 24 0.62 0.57
DHV12_4fjnA2_ali_4fj7A1_aF0  8.33 1.94 7.34 0.98 12 24 0.92 0.77
DHV12_4fjnA2_ali_4fj9A1_aF0  8.46 2.08 7.44 1.05 12 24 0.92 0.75
DHV12_4fjnA2_ali_4fjjA1_aF0  8.42 1.98 7.41 1.01 12 24 0.92 0.76
DHV12_4fjnA2_ali_4fjlA1_aF0  8.12 1.69 6.93 0.86 12 24 0.92 0.79
DHV12_4fjnA2_ali_4fk2A1_aF0  8.48 1.99 7.47 1.01 12 24 0.92 0.77
DHV12_4fjnA2_ali_4fk4A1_aF0  8.49 1.81 7.33 0.97 12 24 0.93 0.79
DHV12_4fjnA2_ali_4m3tA1_aF0  8.11 1.68 7.37 0.94 12 24 0.93 0.79
DHV12_4fjnA2_ali_4m3yA1_aF0  8.50 1.93 7.40 1.02 12 24 0.92 0.77
DHV12_4fjnA2_ali_4m3zA1_aF0  8.15 1.73 7.44 0.98 12 24 0.93 0.79
DHV12_4fjnA2_ali_4m45A1_aF0  8.33 1.81 7.34 0.95 12 24 0.92 0.78
DHV12_4fk2A1_ali_4fj7A1_aF0  0.59 0.56 0.19 0.09 12 24 0.29 0.05
DHV12_4fk2A1_ali_4fj9A1_aF0  0.64 0.61 0.21 0.10 12 24 0.27 0.04
DHV12_4fk2A1_ali_4fjjA1_aF0  0.26 0.20 0.20 0.12 12 24 0.63 0.23
DHV12_4fk2A1_ali_4fjlA1_aF0  1.34 0.67 0.88 0.33 12 24 0.79 0.50
DHV12_4fk2A1_ali_4fjnA2_aF0  8.48 2.07 7.47 1.10 12 24 0.91 0.76
DHV12_4fk2A1_ali_4fk4A1_aF0  1.05 0.51 0.43 0.20 12 24 0.77 0.52
DHV12_4fk2A1_ali_4m3tA1_aF0  1.76 1.03 0.28 0.54 12 24 0.71 0.42
DHV12_4fk2A1_ali_4m3yA1_aF0  0.78 0.34 0.29 0.15 12 24 0.79 0.56
DHV12_4fk2A1_ali_4m3zA1_aF0  1.77 0.88 0.28 0.55 12 24 0.74 0.50
DHV12_4fk2A1_ali_4m45A1_aF0  1.82 0.99 0.76 0.46 12 24 0.63 0.45
DHV12_4fk4A1_ali_4fj7A1_aF0  1.14 0.69 0.42 0.25 12 24 0.70 0.39
DHV12_4fk4A1_ali_4fj9A1_aF0  1.17 0.76 0.48 0.26 12 24 0.69 0.35
DHV12_4fk4A1_ali_4fjjA1_aF0  1.04 0.50 0.43 0.26 12 24 0.80 0.52
DHV12_4fk4A1_ali_4fjlA1_aF0  1.42 0.38 0.69 0.17 12 24 0.88 0.73
DHV12_4fk4A1_ali_4fjnA2_aF0  8.49 1.93 7.33 0.98 12 24 0.92 0.77
DHV12_4fk4A1_ali_4fk2A1_aF0  1.05 0.52 0.43 0.22 12 24 0.78 0.51
DHV12_4fk4A1_ali_4m3tA1_aF0  1.24 0.86 0.27 0.46 12 24 0.70 0.31
DHV12_4fk4A1_ali_4m3yA1_aF0  0.70 0.46 0.36 0.20 12 24 0.71 0.34
DHV12_4fk4A1_ali_4m3zA1_aF0  1.29 0.78 0.30 0.48 12 24 0.78 0.40
DHV12_4fk4A1_ali_4m45A1_aF0  1.50 0.97 0.66 0.44 12 24 0.67 0.35
DHV12_4m3tA1_ali_4fj7A1_aF0  1.71 0.83 0.25 0.33 12 24 0.67 0.51
DHV12_4m3tA1_ali_4fj9A1_aF0  1.76 0.88 0.30 0.33 12 24 0.69 0.50
DHV12_4m3tA1_ali_4fjjA1_aF0  1.72 0.86 0.26 0.36 12 24 0.67 0.50
DHV12_4m3tA1_ali_4fjlA1_aF0  2.23 0.89 0.79 0.47 12 24 0.67 0.60
DHV12_4m3tA1_ali_4fjnA2_aF0  8.11 1.80 7.37 1.06 12 24 0.93 0.78
DHV12_4m3tA1_ali_4fk2A1_aF0  1.76 0.89 0.28 0.36 12 24 0.66 0.49
DHV12_4m3tA1_ali_4fk4A1_aF0  1.24 0.83 0.27 0.44 12 24 0.65 0.34
DHV12_4m3tA1_ali_4m3yA1_aF0  1.37 0.90 0.24 0.43 12 24 0.67 0.34
DHV12_4m3tA1_ali_4m3zA1_aF0  0.61 0.57 0.18 0.10 12 24 0.37 0.08
DHV12_4m3tA1_ali_4m45A1_aF0  1.53 1.19 0.62 0.46 12 24 0.54 0.22
DHV12_4m3yA1_ali_4fj7A1_aF0  0.92 0.65 0.27 0.19 12 24 0.58 0.29
DHV12_4m3yA1_ali_4fj9A1_aF0  0.91 0.68 0.29 0.20 12 24 0.57 0.26
DHV12_4m3yA1_ali_4fjjA1_aF0  0.78 0.40 0.29 0.21 12 24 0.74 0.49
DHV12_4m3yA1_ali_4fjlA1_aF0  1.58 0.59 0.83 0.24 12 24 0.80 0.63
DHV12_4m3yA1_ali_4fjnA2_aF0  8.50 2.06 7.40 1.08 12 24 0.92 0.76
DHV12_4m3yA1_ali_4fk2A1_aF0  0.78 0.36 0.29 0.18 12 24 0.75 0.54
DHV12_4m3yA1_ali_4fk4A1_aF0  0.70 0.48 0.36 0.20 12 24 0.71 0.32
DHV12_4m3yA1_ali_4m3tA1_aF0  1.37 0.99 0.24 0.52 12 24 0.68 0.28
DHV12_4m3yA1_ali_4m3zA1_aF0  1.35 0.87 0.24 0.55 12 24 0.78 0.36
DHV12_4m3yA1_ali_4m45A1_aF0  1.45 0.97 0.58 0.43 12 24 0.74 0.33
DHV12_4m3zA1_ali_4fj7A1_aF0  1.71 0.80 0.30 0.35 12 24 0.68 0.53
DHV12_4m3zA1_ali_4fj9A1_aF0  1.77 0.86 0.35 0.36 12 24 0.70 0.52
DHV12_4m3zA1_ali_4fjjA1_aF0  1.74 0.75 0.30 0.36 12 24 0.70 0.57
DHV12_4m3zA1_ali_4fjlA1_aF0  2.29 0.82 0.87 0.46 12 24 0.67 0.64
DHV12_4m3zA1_ali_4fjnA2_aF0  8.15 1.81 7.44 1.07 12 24 0.93 0.78
DHV12_4m3zA1_ali_4fk2A1_aF0  1.77 0.78 0.28 0.35 12 24 0.69 0.56
DHV12_4m3zA1_ali_4fk4A1_aF0  1.29 0.76 0.30 0.47 12 24 0.71 0.41
DHV12_4m3zA1_ali_4m3tA1_aF0  0.61 0.57 0.18 0.10 12 24 0.37 0.07
DHV12_4m3zA1_ali_4m3yA1_aF0  1.35 0.73 0.24 0.42 12 24 0.73 0.46
DHV12_4m3zA1_ali_4m45A1_aF0  1.44 1.03 0.62 0.54 12 24 0.63 0.28
DHV12_4m45A1_ali_4fj7A1_aF0  1.83 1.08 0.72 0.47 12 24 0.66 0.41
DHV12_4m45A1_ali_4fj9A1_aF0  1.84 1.05 0.76 0.48 12 24 0.69 0.43
DHV12_4m45A1_ali_4fjjA1_aF0  1.79 0.99 0.70 0.45 12 24 0.69 0.44
DHV12_4m45A1_ali_4fjlA1_aF0  2.18 0.98 0.92 0.42 12 24 0.62 0.55
DHV12_4m45A1_ali_4fjnA2_aF0  8.33 1.94 7.34 0.99 12 24 0.93 0.77
DHV12_4m45A1_ali_4fk2A1_aF0  1.82 0.99 0.76 0.48 12 24 0.69 0.46
DHV12_4m45A1_ali_4fk4A1_aF0  1.50 1.01 0.66 0.49 12 24 0.67 0.33
DHV12_4m45A1_ali_4m3tA1_aF0  1.53 1.19 0.62 0.48 12 24 0.61 0.22
DHV12_4m45A1_ali_4m3yA1_aF0  1.45 0.93 0.58 0.44 12 24 0.71 0.36
DHV12_4m45A1_ali_4m3zA1_aF0  1.44 1.03 0.62 0.50 12 24 0.68 0.28
DHV13_2pa5A1_ali_4ge2A1_aF0  0.21 0.16 0.13 0.12 12 22 0.60 0.21
DHV13_2pa5A1_ali_4ge6B1_aF0  1.14 0.78 0.70 0.48 12 22 0.71 0.32
DHV13_2pa5A1_ali_4iczA2_aF0  4.38 1.07 3.37 0.63 12 22 0.92 0.76
DHV13_4ge2A1_ali_2pa5A1_aF0  0.21 0.17 0.13 0.12 12 22 0.61 0.21
DHV13_4ge2A1_ali_4ge6B1_aF0  1.22 0.82 0.75 0.53 12 22 0.72 0.33
DHV13_4ge2A1_ali_4iczA2_aF0  4.41 1.10 3.42 0.63 12 22 0.92 0.75
DHV13_4ge6B1_ali_2pa5A1_aF0  1.14 0.78 0.70 0.52 12 22 0.71 0.32
DHV13_4ge6B1_ali_4ge2A1_aF0  1.22 0.84 0.75 0.58 12 22 0.70 0.31
DHV13_4ge6B1_ali_4iczA2_aF0  4.04 1.30 3.13 0.58 12 22 0.90 0.68
DHV13_4iczA2_ali_2pa5A1_aF0  4.38 1.24 3.37 0.93 12 22 0.89 0.72
DHV13_4iczA2_ali_4ge2A1_aF0  4.41 1.26 3.42 0.91 12 22 0.89 0.72
DHV13_4iczA2_ali_4ge6B1_aF0  4.04 1.29 3.13 0.68 12 22 0.87 0.68
DHV14_4jhxA1_ali_4kwtC2_aF0  3.35 1.22 2.87 0.76 12 23 0.69 0.64
DHV14_4kwtC2_ali_4jhxA1_aF0  3.35 1.10 2.87 0.77 12 23 0.69 0.67
DHV15_3agnA1_ali_3agoA2_aF0  7.73 1.61 7.26 0.99 12 22 0.74 0.79
DHV15_3agnA1_ali_3ahwA3_aF0  6.63 1.34 5.53 0.84 12 22 0.78 0.80
DHV15_3agoA2_ali_3agnA1_aF0  7.73 1.27 7.26 0.67 12 22 0.69 0.84
DHV15_3agoA2_ali_3ahwA3_aF0  5.45 2.04 4.78 0.98 12 22 0.68 0.63
DHV15_3ahwA3_ali_3agnA1_aF0  6.63 1.46 5.53 0.94 12 22 0.73 0.78
DHV15_3ahwA3_ali_3agoA2_aF0  5.45 1.13 4.78 0.82 12 22 0.64 0.79
DHV16_1a4uB1_ali_1b16B2_aF0  3.67 1.42 2.48 0.78 13 25 0.59 0.61
DHV16_1a4uB1_ali_1b2lA3_aF0  2.86 1.69 1.73 0.93 13 25 0.51 0.41
DHV16_1a4uB1_ali_1sbyB2_aF0  3.65 1.19 2.45 0.49 13 25 0.56 0.67
DHV16_1b16B2_ali_1a4uB1_aF0  3.67 1.23 2.48 0.61 13 25 0.58 0.67
DHV16_1b16B2_ali_1b2lA3_aF0  4.08 1.48 3.22 0.68 13 25 0.69 0.64
DHV16_1b16B2_ali_1sbyB2_aF0  1.44 1.03 0.45 0.44 13 25 0.69 0.29
DHV16_1b2lA3_ali_1a4uB1_aF0  2.86 1.79 1.73 0.98 13 25 0.58 0.37
DHV16_1b2lA3_ali_1b16B2_aF0  4.08 2.00 3.22 1.14 13 25 0.68 0.51
DHV16_1b2lA3_ali_1sbyB2_aF0  3.76 1.23 3.11 0.54 13 25 0.69 0.67
DHV16_1sbyB2_ali_1a4uB1_aF0  3.65 1.20 2.45 0.52 13 25 0.55 0.67
DHV16_1sbyB2_ali_1b16B2_aF0  1.44 1.03 0.45 0.44 13 25 0.69 0.29
DHV16_1sbyB2_ali_1b2lA3_aF0  3.76 1.27 3.12 0.52 13 25 0.67 0.66
DHV17_3hszA1_ali_3ht0A2_aF0  12.80 2.08 11.34 1.18 13 25 0.83 0.84
DHV17_3ht0A2_ali_3hszA1_aF0  12.80 2.05 11.34 1.36 13 25 0.83 0.84
DHV18_3m7wD1_ali_3oexB1_aF0  0.80 0.66 0.36 0.27 13 25 0.56 0.17
DHV18_3m7wD1_ali_4gfsA1_aF0  1.14 0.76 0.38 0.29 13 25 0.76 0.33
DHV18_3m7wD1_ali_4guiB2_aF0  5.17 0.86 4.38 0.51 13 25 0.79 0.83
DHV18_3m7wD1_ali_4gujB2_aF0  5.15 0.86 4.37 0.50 13 25 0.80 0.83
DHV18_3oexB1_ali_3m7wD1_aF0  0.80 0.65 0.36 0.28 13 25 0.56 0.19
DHV18_3oexB1_ali_4gfsA1_aF0  1.13 0.71 0.27 0.45 13 25 0.75 0.37
DHV18_3oexB1_ali_4guiB2_aF0  5.51 0.90 4.58 0.51 13 25 0.79 0.84
DHV18_3oexB1_ali_4gujB2_aF0  5.50 0.96 4.59 0.51 13 25 0.79 0.83
DHV18_4gfsA1_ali_3m7wD1_aF0  1.14 0.71 0.38 0.32 13 25 0.72 0.37
DHV18_4gfsA1_ali_3oexB1_aF0  1.13 0.70 0.27 0.43 13 25 0.73 0.38
DHV18_4gfsA1_ali_4guiB2_aF0  5.35 0.75 4.57 0.49 13 25 0.85 0.86
DHV18_4gfsA1_ali_4gujB2_aF0  5.40 0.99 4.58 0.53 13 25 0.84 0.82
DHV18_4guiB2_ali_3m7wD1_aF0  5.17 0.87 4.38 0.42 13 25 0.80 0.83
DHV18_4guiB2_ali_3oexB1_aF0  5.51 0.92 4.58 0.45 13 25 0.79 0.83
DHV18_4guiB2_ali_4gfsA1_aF0  5.35 0.74 4.57 0.43 13 25 0.84 0.86
DHV18_4guiB2_ali_4gujB2_aF0  0.72 0.54 0.43 0.23 13 25 0.66 0.25
DHV18_4gujB2_ali_3m7wD1_aF0  5.15 0.85 4.37 0.43 13 25 0.82 0.84
DHV18_4gujB2_ali_3oexB1_aF0  5.50 0.97 4.59 0.44 13 25 0.81 0.82
DHV18_4gujB2_ali_4gfsA1_aF0  5.40 0.96 4.58 0.49 13 25 0.85 0.82
DHV18_4gujB2_ali_4guiB2_aF0  0.72 0.54 0.43 0.23 13 25 0.66 0.25
DHV19_1dg3A1_ali_1f5nA2_aF0  6.32 1.72 5.40 0.82 13 26 0.86 0.73
DHV19_1f5nA2_ali_1dg3A1_aF0  6.32 2.11 5.40 1.30 13 26 0.85 0.67
DHV20_3phgA1_ali_3phhA2_aF0  3.75 1.27 3.15 0.69 13 25 0.73 0.66
DHV20_3phhA2_ali_3phgA1_aF0  3.75 0.82 3.15 0.33 13 25 0.60 0.78
DHV21_3d05A1_ali_3d06A2_aF0  5.42 0.90 4.29 0.49 14 27 0.67 0.83
DHV21_3d06A2_ali_3d05A1_aF0  5.42 0.92 4.29 0.47 14 27 0.68 0.83
DHV22_3v0dB1_ali_3v0fA2_aF0  7.21 1.76 6.81 1.11 14 28 0.79 0.76
DHV22_3v0dB1_ali_3v0gB1_aF0  2.24 1.37 1.03 0.62 14 28 0.67 0.39
DHV22_3v0dB1_ali_3v0hB3_aF0  8.43 1.80 8.61 1.11 14 28 0.86 0.79
DHV22_3v0fA2_ali_3v0dB1_aF0  7.21 1.62 6.81 0.95 14 28 0.81 0.78
DHV22_3v0fA2_ali_3v0gB1_aF0  7.96 1.75 7.17 0.97 14 28 0.76 0.78
DHV22_3v0fA2_ali_3v0hB3_aF0  9.39 2.21 8.70 1.38 14 28 0.86 0.76
DHV22_3v0gB1_ali_3v0dB1_aF0  2.24 1.63 1.03 0.60 14 28 0.64 0.27
DHV22_3v0gB1_ali_3v0fA2_aF0  7.96 2.08 7.17 1.13 14 28 0.75 0.74
DHV22_3v0gB1_ali_3v0hB3_aF0  8.40 1.52 8.43 0.94 14 28 0.84 0.82
DHV22_3v0hB3_ali_3v0dB1_aF0  8.43 2.14 8.61 1.34 14 28 0.84 0.75
DHV22_3v0hB3_ali_3v0fA2_aF0  9.39 2.30 8.70 1.28 14 28 0.87 0.75
DHV22_3v0hB3_ali_3v0gB1_aF0  8.40 1.67 8.43 0.97 14 28 0.84 0.80
DHV23_4mxrB1_ali_4myfA2_aF0  3.00 1.05 2.87 0.52 14 27 0.85 0.65
DHV23_4mxrB1_ali_4mykA2_aF0  3.58 1.39 2.84 0.58 14 27 0.86 0.61
DHV23_4mxrB1_ali_4mylA2_aF0  3.33 1.18 2.82 0.65 14 27 0.83 0.65
DHV23_4myfA2_ali_4mxrB1_aF0  3.00 1.13 2.87 0.64 14 27 0.87 0.62
DHV23_4myfA2_ali_4mykA2_aF0  1.58 0.95 0.17 0.45 14 27 0.73 0.40
DHV23_4myfA2_ali_4mylA2_aF0  1.31 0.95 0.33 0.57 14 27 0.67 0.28
DHV23_4mykA2_ali_4mxrB1_aF0  3.58 1.37 2.84 0.67 14 27 0.88 0.62
DHV23_4mykA2_ali_4myfA2_aF0  1.58 0.92 0.17 0.46 14 27 0.73 0.42
DHV23_4mykA2_ali_4mylA2_aF0  1.83 1.20 0.37 0.73 14 27 0.63 0.34
DHV23_4mylA2_ali_4mxrB1_aF0  3.33 1.31 2.82 0.74 14 27 0.87 0.61
DHV23_4mylA2_ali_4myfA2_aF0  1.31 0.94 0.33 0.54 14 27 0.68 0.28
DHV23_4mylA2_ali_4mykA2_aF0  1.83 1.30 0.37 0.69 14 27 0.61 0.29
DHV24_2ce2X1_ali_2cl0X2_aF0  2.96 0.96 1.71 0.53 14 27 0.52 0.68
DHV24_2ce2X1_ali_2cl6X3_aF0  3.84 1.34 2.44 0.80 14 27 0.57 0.65
DHV24_2ce2X1_ali_2cl7X4_aF0  2.94 1.33 1.72 0.75 14 27 0.43 0.55
DHV24_2ce2X1_ali_2clcX4_aF0  2.93 1.36 1.63 0.77 14 27 0.41 0.54
DHV24_2ce2X1_ali_2evwX4_aF0  2.92 1.14 1.61 0.69 14 27 0.46 0.61
DHV24_2cl0X2_ali_2ce2X1_aF0  2.96 0.95 1.71 0.55 14 27 0.54 0.68
DHV24_2cl0X2_ali_2cl6X3_aF0  3.64 1.14 2.33 0.45 14 27 0.64 0.69
DHV24_2cl0X2_ali_2cl7X4_aF0  2.23 1.33 1.50 0.61 14 27 0.71 0.40
DHV24_2cl0X2_ali_2clcX4_aF0  2.16 1.42 1.35 0.67 14 27 0.68 0.34
DHV24_2cl0X2_ali_2evwX4_aF0  2.02 1.29 1.12 0.57 14 27 0.69 0.36
DHV24_2cl6X3_ali_2ce2X1_aF0  3.84 1.30 2.44 0.76 14 27 0.59 0.66
DHV24_2cl6X3_ali_2cl0X2_aF0  3.64 1.11 2.33 0.53 14 27 0.71 0.69
DHV24_2cl6X3_ali_2cl7X4_aF0  3.35 1.22 1.95 0.48 14 27 0.63 0.64
DHV24_2cl6X3_ali_2clcX4_aF0  3.49 1.21 2.00 0.51 14 27 0.66 0.65
DHV24_2cl6X3_ali_2evwX4_aF0  3.45 1.29 2.08 0.56 14 27 0.63 0.63
DHV24_2cl7X4_ali_2ce2X1_aF0  2.94 1.24 1.72 0.68 14 27 0.45 0.58
DHV24_2cl7X4_ali_2cl0X2_aF0  2.23 1.26 1.50 0.59 14 27 0.69 0.44
DHV24_2cl7X4_ali_2cl6X3_aF0  3.35 1.18 1.95 0.47 14 27 0.56 0.65
DHV24_2cl7X4_ali_2clcX4_aF0  0.76 0.66 0.38 0.26 14 27 0.49 0.13
DHV24_2cl7X4_ali_2evwX4_aF0  1.61 1.15 0.83 0.54 14 27 0.66 0.28
DHV24_2clcX4_ali_2ce2X1_aF0  2.93 1.29 1.63 0.67 14 27 0.43 0.56
DHV24_2clcX4_ali_2cl0X2_aF0  2.16 1.31 1.35 0.58 14 27 0.64 0.39
DHV24_2clcX4_ali_2cl6X3_aF0  3.49 1.19 2.00 0.46 14 27 0.62 0.66
DHV24_2clcX4_ali_2cl7X4_aF0  0.76 0.66 0.38 0.26 14 27 0.50 0.13
DHV24_2clcX4_ali_2evwX4_aF0  1.37 1.01 0.56 0.52 14 27 0.65 0.26
DHV24_2evwX4_ali_2ce2X1_aF0  2.92 1.04 1.61 0.59 14 27 0.50 0.64
DHV24_2evwX4_ali_2cl0X2_aF0  2.02 1.24 1.12 0.41 14 27 0.63 0.39
DHV24_2evwX4_ali_2cl6X3_aF0  3.45 1.20 2.08 0.42 14 27 0.50 0.65
DHV24_2evwX4_ali_2cl7X4_aF0  1.61 1.14 0.83 0.50 14 27 0.66 0.29
DHV24_2evwX4_ali_2clcX4_aF0  1.37 1.03 0.56 0.47 14 27 0.63 0.25
DHV25_1gqyB1_ali_1p31B2_aF0  10.47 1.69 9.52 0.87 14 27 0.84 0.84
DHV25_1gqyB1_ali_1p3dA2_aF0  10.50 1.69 9.56 0.81 14 27 0.84 0.84
DHV25_1p31B2_ali_1gqyB1_aF0  10.47 1.98 9.52 1.63 14 27 0.77 0.81
DHV25_1p31B2_ali_1p3dA2_aF0  0.40 0.31 0.21 0.14 14 27 0.66 0.24
DHV25_1p3dA2_ali_1gqyB1_aF0  10.50 1.99 9.56 1.03 14 27 0.77 0.81
DHV25_1p3dA2_ali_1p31B2_aF0  0.40 0.31 0.21 0.13 14 27 0.65 0.24
DHV26_2rbtX1_ali_2rbuX2_aF0  4.40 0.72 5.24 0.49 15 29 0.81 0.84
DHV26_2rbtX1_ali_2rbvX1_aF0  0.12 0.07 0.10 0.06 15 29 0.79 0.39
DHV26_2rbtX1_ali_2rbwX3_aF0  3.04 0.98 3.49 0.66 15 29 0.64 0.68
DHV26_2rbtX1_ali_2rbxX1_aF0  0.25 0.12 0.24 0.11 15 29 0.88 0.53
DHV26_2rbtX1_ali_2rbyX1_aF0  0.17 0.10 0.14 0.08 15 29 0.82 0.42
DHV26_2rbtX1_ali_2rbzX1_aF0  0.23 0.11 0.24 0.10 15 29 0.87 0.51
DHV26_2rbtX1_ali_2rc0X1_aF0  0.31 0.17 0.24 0.10 15 29 0.82 0.45
DHV26_2rbtX1_ali_2rc2X3_aF0  3.05 0.98 3.52 0.63 15 29 0.64 0.68
DHV26_2rbuX2_ali_2rbtX1_aF0  4.40 0.66 5.24 0.47 15 29 0.75 0.85
DHV26_2rbuX2_ali_2rbvX1_aF0  4.38 0.65 5.22 0.47 15 29 0.75 0.85
DHV26_2rbuX2_ali_2rbwX3_aF0  2.35 0.57 2.47 0.36 15 29 0.84 0.76
DHV26_2rbuX2_ali_2rbxX1_aF0  4.45 0.69 5.31 0.53 15 29 0.74 0.84
DHV26_2rbuX2_ali_2rbyX1_aF0  4.43 0.66 5.28 0.48 15 29 0.75 0.85
DHV26_2rbuX2_ali_2rbzX1_aF0  4.47 0.68 5.33 0.51 15 29 0.75 0.85
DHV26_2rbuX2_ali_2rc0X1_aF0  4.47 0.69 5.32 0.51 15 29 0.74 0.84
DHV26_2rbuX2_ali_2rc2X3_aF0  2.31 0.56 2.43 0.37 15 29 0.85 0.76
DHV26_2rbvX1_ali_2rbtX1_aF0  0.12 0.07 0.10 0.06 15 29 0.78 0.40
DHV26_2rbvX1_ali_2rbuX2_aF0  4.38 0.73 5.22 0.49 15 29 0.81 0.83
DHV26_2rbvX1_ali_2rbwX3_aF0  3.03 0.97 3.48 0.65 15 29 0.63 0.68
DHV26_2rbvX1_ali_2rbxX1_aF0  0.30 0.13 0.31 0.12 15 29 0.90 0.58
DHV26_2rbvX1_ali_2rbyX1_aF0  0.22 0.10 0.20 0.08 15 29 0.87 0.54
DHV26_2rbvX1_ali_2rbzX1_aF0  0.29 0.12 0.29 0.11 15 29 0.89 0.57
DHV26_2rbvX1_ali_2rc0X1_aF0  0.33 0.16 0.30 0.10 15 29 0.85 0.50
DHV26_2rbvX1_ali_2rc2X3_aF0  3.04 0.96 3.51 0.62 15 29 0.64 0.68
DHV26_2rbwX3_ali_2rbtX1_aF0  3.04 0.64 3.49 0.46 15 29 0.65 0.79
DHV26_2rbwX3_ali_2rbuX2_aF0  2.35 0.72 2.47 0.56 15 29 0.88 0.69
DHV26_2rbwX3_ali_2rbvX1_aF0  3.03 0.63 3.48 0.47 15 29 0.65 0.79
DHV26_2rbwX3_ali_2rbxX1_aF0  3.11 0.63 3.60 0.48 15 29 0.65 0.80
DHV26_2rbwX3_ali_2rbyX1_aF0  3.07 0.63 3.54 0.47 15 29 0.65 0.80
DHV26_2rbwX3_ali_2rbzX1_aF0  3.10 0.63 3.60 0.47 15 29 0.66 0.80
DHV26_2rbwX3_ali_2rc0X1_aF0  3.09 0.64 3.59 0.50 15 29 0.66 0.79
DHV26_2rbwX3_ali_2rc2X3_aF0  0.13 0.08 0.14 0.08 15 29 0.78 0.40
DHV26_2rbxX1_ali_2rbtX1_aF0  0.25 0.12 0.24 0.11 15 29 0.86 0.52
DHV26_2rbxX1_ali_2rbuX2_aF0  4.45 0.75 5.31 0.55 15 29 0.81 0.83
DHV26_2rbxX1_ali_2rbvX1_aF0  0.30 0.13 0.31 0.12 15 29 0.88 0.56
DHV26_2rbxX1_ali_2rbwX3_aF0  3.11 0.97 3.60 0.67 15 29 0.63 0.69
DHV26_2rbxX1_ali_2rbyX1_aF0  0.19 0.11 0.20 0.10 15 29 0.79 0.40
DHV26_2rbxX1_ali_2rbzX1_aF0  0.15 0.10 0.13 0.09 15 29 0.71 0.29
DHV26_2rbxX1_ali_2rc0X1_aF0  0.24 0.14 0.15 0.11 15 29 0.78 0.39
DHV26_2rbxX1_ali_2rc2X3_aF0  3.12 0.97 3.63 0.65 15 29 0.63 0.69
DHV26_2rbyX1_ali_2rbtX1_aF0  0.17 0.10 0.14 0.08 15 29 0.82 0.43
DHV26_2rbyX1_ali_2rbuX2_aF0  4.43 0.76 5.28 0.55 15 29 0.81 0.83
DHV26_2rbyX1_ali_2rbvX1_aF0  0.22 0.10 0.20 0.08 15 29 0.88 0.54
DHV26_2rbyX1_ali_2rbwX3_aF0  3.07 0.97 3.54 0.65 15 29 0.63 0.68
DHV26_2rbyX1_ali_2rbxX1_aF0  0.19 0.11 0.20 0.10 15 29 0.79 0.41
DHV26_2rbyX1_ali_2rbzX1_aF0  0.17 0.08 0.18 0.07 15 29 0.87 0.52
DHV26_2rbyX1_ali_2rc0X1_aF0  0.25 0.15 0.17 0.10 15 29 0.78 0.39
DHV26_2rbyX1_ali_2rc2X3_aF0  3.08 0.97 3.56 0.63 15 29 0.63 0.69
DHV26_2rbzX1_ali_2rbtX1_aF0  0.23 0.11 0.24 0.10 15 29 0.87 0.51
DHV26_2rbzX1_ali_2rbuX2_aF0  4.47 0.75 5.33 0.53 15 29 0.82 0.83
DHV26_2rbzX1_ali_2rbvX1_aF0  0.29 0.12 0.29 0.11 15 29 0.90 0.57
DHV26_2rbzX1_ali_2rbwX3_aF0  3.10 0.96 3.60 0.65 15 29 0.64 0.69
DHV26_2rbzX1_ali_2rbxX1_aF0  0.15 0.10 0.13 0.09 15 29 0.71 0.30
DHV26_2rbzX1_ali_2rbyX1_aF0  0.17 0.08 0.18 0.07 15 29 0.87 0.52
DHV26_2rbzX1_ali_2rc0X1_aF0  0.26 0.14 0.13 0.08 15 29 0.83 0.45
DHV26_2rbzX1_ali_2rc2X3_aF0  3.12 0.96 3.63 0.63 15 29 0.64 0.69
DHV26_2rc0X1_ali_2rbtX1_aF0  0.31 0.17 0.24 0.10 15 29 0.83 0.44
DHV26_2rc0X1_ali_2rbuX2_aF0  4.47 0.78 5.32 0.54 15 29 0.81 0.82
DHV26_2rc0X1_ali_2rbvX1_aF0  0.33 0.17 0.30 0.11 15 29 0.85 0.48
DHV26_2rc0X1_ali_2rbwX3_aF0  3.09 0.97 3.59 0.67 15 29 0.64 0.69
DHV26_2rc0X1_ali_2rbxX1_aF0  0.24 0.15 0.15 0.10 15 29 0.79 0.38
DHV26_2rc0X1_ali_2rbyX1_aF0  0.25 0.16 0.17 0.10 15 29 0.78 0.38
DHV26_2rc0X1_ali_2rbzX1_aF0  0.26 0.14 0.13 0.08 15 29 0.83 0.43
DHV26_2rc0X1_ali_2rc2X3_aF0  3.10 0.96 3.62 0.65 15 29 0.65 0.69
DHV26_2rc2X3_ali_2rbtX1_aF0  3.05 0.63 3.52 0.47 15 29 0.66 0.79
DHV26_2rc2X3_ali_2rbuX2_aF0  2.31 0.70 2.43 0.54 15 29 0.87 0.70
DHV26_2rc2X3_ali_2rbvX1_aF0  3.04 0.63 3.51 0.47 15 29 0.65 0.79
DHV26_2rc2X3_ali_2rbwX3_aF0  0.13 0.08 0.14 0.08 15 29 0.78 0.42
DHV26_2rc2X3_ali_2rbxX1_aF0  3.12 0.62 3.63 0.49 15 29 0.65 0.80
DHV26_2rc2X3_ali_2rbyX1_aF0  3.08 0.62 3.56 0.47 15 29 0.65 0.80
DHV26_2rc2X3_ali_2rbzX1_aF0  3.12 0.62 3.63 0.48 15 29 0.66 0.80
DHV26_2rc2X3_ali_2rc0X1_aF0  3.10 0.63 3.62 0.51 15 29 0.66 0.80
DHV27_5ktaA1_ali_5ktcA2_aF0  8.44 1.53 7.52 1.13 15 30 0.83 0.82
DHV27_5ktaA1_ali_5ktdA2_aF0  8.42 1.52 7.50 1.12 15 30 0.83 0.82
DHV27_5ktcA2_ali_5ktaA1_aF0  8.44 1.36 7.52 0.95 15 30 0.84 0.84
DHV27_5ktcA2_ali_5ktdA2_aF0  0.17 0.12 0.12 0.07 15 30 0.68 0.28
DHV27_5ktdA2_ali_5ktaA1_aF0  8.42 1.34 7.50 0.93 15 30 0.84 0.84
DHV27_5ktdA2_ali_5ktcA2_aF0  0.17 0.12 0.12 0.07 15 30 0.67 0.27
DHV28_2yjdB2_ali_3omqA2_aF0  2.75 1.32 2.19 0.64 15 26 0.79 0.52
DHV28_3omqA2_ali_2yjdB2_aF0  2.75 1.30 2.19 0.63 15 26 0.76 0.53
DHV29_3illA1_ali_3iloA2_aF0  7.94 2.05 4.82 1.35 15 29 0.75 0.74
DHV29_3iloA2_ali_3illA1_aF0  7.94 2.15 4.82 1.15 15 29 0.76 0.73
DHV30_2xguA1_ali_2xgyA2_aF0  7.36 0.96 7.46 0.56 15 24 0.95 0.87
DHV30_2xgyA2_ali_2xguA1_aF0  7.36 1.17 7.46 0.82 15 24 0.94 0.84
