# Morphing                 Delta0    RmsdA   RmsdA2    RmsdI    RmsdINCAC   RmsdF    RmsdNCAC    RmsdD   Motion N_res N_dh
#-----------------------------------------------------------------
DHV15_3agoA2_ali_3ahwA3_aF0 0.68  5.44 2.04  4.76 0.98  3.40 0.63 12 22
DHV01_3iu1B1_ali_3iu2A2_aF0 0.65  4.32 1.55  3.38 0.52  2.77 0.64 10 19
DHV01_3iu1B1_ali_3iweA2_aF0 0.67  4.39 1.53  3.51 0.58  2.86 0.65 10 19
DHV15_3ahwA3_ali_3agnA1_aF0 0.73  6.62 1.46  5.52 0.94  5.16 0.78 12 22
DHV01_3iu1B1_ali_3jtkA2_aF0 0.68  4.46 1.56  3.54 0.56  2.90 0.65 10 19
DHV01_3iu2A2_ali_3iu1B1_aF0 0.68  4.32 1.49  3.37 0.65  2.82 0.65 10 19
DHV15_3ahwA3_ali_3agoA2_aF0 0.64  5.45 1.13  4.77 0.82  4.32 0.79 12 22
DHV01_3iu2A2_ali_3iweA2_aF0 0.48  0.71 0.62  0.34 0.19  0.09 0.13 10 19
DHV01_3iu2A2_ali_3jtkA2_aF0 0.68  0.65 0.47  0.43 0.21  0.18 0.28 10 19
DHV01_3iweA2_ali_3iu1B1_aF0 0.68  4.39 1.56  3.51 0.84  2.83 0.65 10 19
DHV01_3iweA2_ali_3iu2A2_aF0 0.44  0.71 0.65  0.34 0.25  0.06 0.09 10 19
DHV01_3iweA2_ali_3jtkA2_aF0 0.45  0.71 0.64  0.28 0.18  0.06 0.09 10 19
DHV01_3jtkA2_ali_3iu1B1_aF0 0.68  4.47 1.56  3.54 0.72  2.91 0.65 10 19
DHV01_3jtkA2_ali_3iu2A2_aF0 0.60  0.65 0.54  0.43 0.32  0.11 0.16 10 19
DHV01_3jtkA2_ali_3iweA2_aF0 0.47  0.71 0.64  0.29 0.16  0.08 0.11 10 19
DHV16_1a4uB1_ali_1b16B2_aF0 0.59  3.66 1.42  2.48 0.78  2.23 0.61 13 25
DHV02_4hidA1_ali_4hikA1_aF0 0.69  1.96 1.44  0.83 0.62  0.52 0.26 10 20
DHV02_4hidA1_ali_4himA1_aF0 0.67  1.94 1.45  0.75 0.59  0.48 0.25 10 20
DHV02_4hidA1_ali_4hioA1_aF0 0.33  0.85 0.81  0.20 0.18  0.04 0.05 10 20
DHV16_1a4uB1_ali_1b2lA3_aF0 0.51  2.85 1.69  1.72 0.93  1.16 0.41 13 25
DHV02_4hidA1_ali_4hj7A2_aF0 0.61  3.39 1.64  2.24 0.93  1.75 0.52 10 20
DHV02_4hidA1_ali_4hj9A1_aF0 0.68  1.62 1.23  0.76 0.46  0.39 0.24 10 20
DHV02_4hikA1_ali_4hidA1_aF0 0.70  1.96 1.34  0.83 0.62  0.62 0.32 10 20
DHV02_4hikA1_ali_4himA1_aF0 0.58  0.22 0.18  0.17 0.14  0.04 0.16 10 20
DHV02_4hikA1_ali_4hioA1_aF0 0.74  1.95 1.28  0.76 0.60  0.67 0.34 10 20
DHV02_4hikA1_ali_4hj7A2_aF0 0.52  3.17 1.51  2.35 0.97  1.67 0.52 10 20
DHV02_4hikA1_ali_4hj9A1_aF0 0.60  0.95 0.76  0.19 0.31  0.18 0.19 10 20
DHV02_4himA1_ali_4hidA1_aF0 0.70  1.93 1.34  0.75 0.61  0.59 0.31 10 20
DHV02_4himA1_ali_4hikA1_aF0 0.59  0.22 0.18  0.17 0.14  0.03 0.16 10 20
DHV02_4himA1_ali_4hioA1_aF0 0.73  1.91 1.27  0.67 0.59  0.64 0.34 10 20
DHV16_1a4uB1_ali_1sbyB2_aF0 0.56  3.64 1.19  2.44 0.49  2.45 0.67 13 25
DHV02_4himA1_ali_4hj7A2_aF0 0.55  3.19 1.52  2.38 0.97  1.67 0.52 10 20
DHV02_4himA1_ali_4hj9A1_aF0 0.62  0.95 0.76  0.16 0.30  0.19 0.20 10 20
DHV02_4hioA1_ali_4hidA1_aF0 0.32  0.84 0.80  0.20 0.18  0.04 0.05 10 20
DHV02_4hioA1_ali_4hikA1_aF0 0.72  1.94 1.34  0.76 0.61  0.60 0.31 10 20
DHV02_4hioA1_ali_4himA1_aF0 0.70  1.91 1.35  0.66 0.59  0.56 0.29 10 20
DHV02_4hioA1_ali_4hj7A2_aF0 0.60  3.44 1.63  2.31 0.97  1.81 0.53 10 20
DHV16_1b16B2_ali_1a4uB1_aF0 0.58  3.66 1.23  2.47 0.61  2.43 0.66 13 25
DHV02_4hioA1_ali_4hj9A1_aF0 0.67  1.63 1.24  0.70 0.43  0.39 0.24 10 20
DHV02_4hj7A2_ali_4hidA1_aF0 0.52  3.39 1.53  2.24 0.71  1.86 0.55 10 20
DHV16_1b16B2_ali_1b2lA3_aF0 0.69  4.06 1.48  3.19 0.68  2.58 0.64 13 25
DHV02_4hj7A2_ali_4hikA1_aF0 0.40  3.18 1.65  2.36 0.97  1.53 0.48 10 20
DHV16_1b16B2_ali_1sbyB2_aF0 0.69  1.43 1.03  0.44 0.44  0.40 0.28 13 25
DHV02_4hj7A2_ali_4himA1_aF0 0.40  3.19 1.67  2.38 0.97  1.52 0.48 10 20
DHV16_1b2lA3_ali_1a4uB1_aF0 0.58  2.85 1.79  1.72 0.98  1.06 0.37 13 25
DHV02_4hj7A2_ali_4hioA1_aF0 0.52  3.44 1.52  2.31 0.71  1.92 0.56 10 20
DHV16_1b2lA3_ali_1b16B2_aF0 0.68  4.08 2.00  3.21 1.14  2.08 0.51 13 25
DHV02_4hj7A2_ali_4hj9A1_aF0 0.46  3.15 1.42  2.32 0.75  1.73 0.55 10 20
DHV02_4hj9A1_ali_4hidA1_aF0 0.65  1.62 1.20  0.76 0.52  0.42 0.26 10 20
DHV02_4hj9A1_ali_4hikA1_aF0 0.58  0.95 0.76  0.19 0.32  0.18 0.19 10 20
DHV02_4hj9A1_ali_4himA1_aF0 0.57  0.95 0.77  0.16 0.31  0.18 0.19 10 20
DHV02_4hj9A1_ali_4hioA1_aF0 0.66  1.63 1.23  0.70 0.51  0.40 0.25 10 20
DHV16_1b2lA3_ali_1sbyB2_aF0 0.69  3.75 1.23  3.11 0.54  2.52 0.67 13 25
DHV02_4hj9A1_ali_4hj7A2_aF0 0.55  3.15 1.37  2.31 0.85  1.77 0.56 10 20
DHV16_1sbyB2_ali_1a4uB1_aF0 0.55  3.64 1.20  2.43 0.52  2.43 0.67 13 25
DHV16_1sbyB2_ali_1b16B2_aF0 0.69  1.43 1.03  0.44 0.44  0.41 0.28 13 25
DHV03_4kfrB1_ali_4kfuA2_aF0 0.80  6.39 1.79  4.54 0.96  4.60 0.72 10 20
DHV16_1sbyB2_ali_1b2lA3_aF0 0.67  3.74 1.27  3.09 0.52  2.47 0.66 13 25
DHV03_4kfuA2_ali_4kfrB1_aF0 0.79  6.36 1.76  4.52 0.92  4.60 0.72 10 20
DHV04_3waeA1_ali_3wafB2_aF0 0.79  3.96 1.91  3.11 1.13  2.05 0.52 10 19
DHV04_3wafB2_ali_3waeA1_aF0 0.76  3.97 2.08  3.11 1.26  1.89 0.48 10 19
DHV17_3hszA1_ali_3ht0A2_aF0 0.83 12.78 2.08 11.31 1.18 10.70 0.84 13 25
DHV05_3mp6A1_ali_3mp8A2_aF0 0.78  5.62 2.24  5.31 1.45  3.38 0.60 10 18
DHV05_3mp8A2_ali_3mp6A1_aF0 0.76  5.63 2.21  5.32 1.48  3.43 0.61 10 18
DHV17_3ht0A2_ali_3hszA1_aF0 0.83 12.79 2.04 11.32 1.39 10.75 0.84 13 25
DHV18_3m7wD1_ali_3oexB1_aF0 0.56  0.79 0.66  0.35 0.27  0.13 0.16 13 25
DHV18_3m7wD1_ali_4gfsA1_aF0 0.76  1.12 0.76  0.38 0.29  0.37 0.33 13 25
DHV06_1xbbA1_ali_4fyoA2_aF0 0.88  3.53 1.33  3.16 1.08  2.20 0.62 11 22
DHV18_3m7wD1_ali_4guiB2_aF0 0.80  5.16 0.86  4.37 0.51  4.30 0.83 13 25
DHV06_1xbbA1_ali_4i0sA2_aF0 0.89  4.06 1.57  3.81 1.40  2.49 0.61 11 22
DHV18_3m7wD1_ali_4gujB2_aF0 0.80  5.14 0.86  4.36 0.50  4.28 0.83 13 25
DHV18_3oexB1_ali_3m7wD1_aF0 0.57  0.79 0.65  0.35 0.28  0.14 0.18 13 25
DHV18_3oexB1_ali_4gfsA1_aF0 0.75  1.12 0.71  0.27 0.45  0.41 0.37 13 25
DHV06_1xbbA1_ali_4i0tA2_aF0 0.49  3.57 2.46  2.61 1.50  1.11 0.31 11 22
DHV18_3oexB1_ali_4guiB2_aF0 0.79  5.49 0.90  4.56 0.51  4.59 0.84 13 25
DHV06_4fyoA2_ali_1xbbA1_aF0 0.86  3.52 1.31  3.16 0.94  2.22 0.63 11 22
DHV06_4fyoA2_ali_4i0sA2_aF0 0.63  1.46 1.17  0.92 0.45  0.29 0.20 11 22
DHV18_3oexB1_ali_4gujB2_aF0 0.79  5.48 0.96  4.57 0.51  4.52 0.83 13 25
DHV18_4gfsA1_ali_3m7wD1_aF0 0.72  1.12 0.71  0.38 0.32  0.41 0.36 13 25
DHV18_4gfsA1_ali_3oexB1_aF0 0.74  1.12 0.70  0.27 0.43  0.42 0.37 13 25
DHV06_4fyoA2_ali_4i0tA2_aF0 0.77  3.26 1.39  2.09 1.12  1.87 0.57 11 22
DHV18_4gfsA1_ali_4guiB2_aF0 0.85  5.33 0.75  4.54 0.49  4.58 0.86 13 25
DHV06_4i0sA2_ali_1xbbA1_aF0 0.86  4.07 1.29  3.81 1.06  2.78 0.68 11 22
DHV18_4gfsA1_ali_4gujB2_aF0 0.84  5.38 0.99  4.56 0.53  4.39 0.82 13 25
DHV06_4i0sA2_ali_4fyoA2_aF0 0.61  1.46 1.14  0.93 0.47  0.32 0.22 11 22
DHV18_4guiB2_ali_3m7wD1_aF0 0.80  5.16 0.87  4.36 0.42  4.29 0.83 13 25
DHV06_4i0sA2_ali_4i0tA2_aF0 0.73  3.98 2.31  2.80 1.53  1.67 0.42 11 22
DHV18_4guiB2_ali_3oexB1_aF0 0.79  5.49 0.92  4.56 0.45  4.57 0.83 13 25
DHV18_4guiB2_ali_4gfsA1_aF0 0.84  5.32 0.74  4.54 0.43  4.58 0.86 13 25
DHV18_4guiB2_ali_4gujB2_aF0 0.66  0.71 0.54  0.42 0.23  0.17 0.24 13 25
DHV06_4i0tA2_ali_1xbbA1_aF0 0.79  3.56 1.37  2.61 0.93  2.19 0.62 11 22
DHV18_4gujB2_ali_3m7wD1_aF0 0.82  5.13 0.85  4.35 0.43  4.28 0.84 13 25
DHV06_4i0tA2_ali_4fyoA2_aF0 0.78  3.27 2.24  2.09 0.87  1.03 0.31 11 22
DHV18_4gujB2_ali_3oexB1_aF0 0.81  5.48 0.97  4.57 0.44  4.51 0.82 13 25
DHV06_4i0tA2_ali_4i0sA2_aF0 0.78  3.98 2.74  2.80 0.93  1.24 0.31 11 22
DHV18_4gujB2_ali_4gfsA1_aF0 0.85  5.37 0.96  4.56 0.49  4.41 0.82 13 25
DHV18_4gujB2_ali_4guiB2_aF0 0.66  0.71 0.54  0.42 0.23  0.17 0.24 13 25
DHV07_3n4fA1_ali_3qpeD2_aF0 0.83  5.78 0.93  4.16 0.40  4.86 0.84 11 22
DHV07_3n4fA1_ali_3vccA2_aF0 0.84  5.77 0.93  4.16 0.49  4.83 0.84 11 22
DHV07_3qpeD2_ali_3n4fA1_aF0 0.83  5.78 0.97  4.16 0.61  4.82 0.83 11 22
DHV07_3qpeD2_ali_3vccA2_aF0 0.67  0.24 0.18  0.21 0.13  0.06 0.24 11 22
DHV19_1dg3A1_ali_1f5nA2_aF0 0.86  6.30 1.72  5.38 0.82  4.59 0.73 13 26
DHV07_3vccA2_ali_3n4fA1_aF0 0.83  5.76 0.99  4.15 0.65  4.77 0.83 11 22
DHV07_3vccA2_ali_3qpeD2_aF0 0.65  0.24 0.19  0.21 0.14  0.05 0.23 11 22
DHV08_2vovA1_ali_2voxA2_aF0 0.66  4.28 0.87  3.03 0.53  3.41 0.80 11 21
DHV08_2voxA2_ali_2vovA1_aF0 0.73  4.29 0.85  3.04 0.57  3.44 0.80 11 21
DHV19_1f5nA2_ali_1dg3A1_aF0 0.85  6.30 2.11  5.38 1.30  4.19 0.66 13 26
DHV20_3phgA1_ali_3phhA2_aF0 0.73  3.74 1.27  3.14 0.69  2.47 0.66 13 25
DHV09_2q9fA1_ali_3mdmA2_aF0 0.78  6.30 1.69  4.79 1.25  4.61 0.73 11 21
DHV20_3phhA2_ali_3phgA1_aF0 0.60  3.74 0.82  3.14 0.33  2.92 0.78 13 25
DHV09_3mdmA2_ali_2q9fA1_aF0 0.71  6.30 1.69  4.79 1.26  4.61 0.73 11 21
DHV10_3irsC1_ali_3k4wL2_aF0 0.86  5.12 1.51  4.37 1.02  3.61 0.71 11 22
DHV21_3d05A1_ali_3d06A2_aF0 0.67  5.41 0.90  4.27 0.49  4.51 0.83 14 27
DHV10_3k4wL2_ali_3irsC1_aF0 0.89  5.11 1.47  4.36 0.96  3.63 0.71 11 22
DHV21_3d06A2_ali_3d05A1_aF0 0.68  5.41 0.92  4.27 0.47  4.49 0.83 14 27
DHV11_3gnoA1_ali_3gnpA1_aF0 0.76  5.02 0.97  4.22 0.48  4.05 0.81 12 24
DHV11_3gnoA1_ali_3gnrA2_aF0 0.44  0.73 0.66  0.18 0.25  0.07 0.09 12 24
DHV22_3v0dB1_ali_3v0fA2_aF0 0.79  7.20 1.76  6.80 1.11  5.44 0.76 14 28
DHV11_3gnpA1_ali_3gnoA1_aF0 0.75  5.02 1.11  4.22 0.53  3.91 0.78 12 24
DHV22_3v0dB1_ali_3v0gB1_aF0 0.67  2.23 1.37  1.02 0.62  0.85 0.38 14 28
DHV11_3gnpA1_ali_3gnrA2_aF0 0.76  4.82 1.11  4.12 0.44  3.72 0.77 12 24
DHV11_3gnrA2_ali_3gnoA1_aF0 0.44  0.73 0.66  0.18 0.24  0.07 0.10 12 24
DHV22_3v0dB1_ali_3v0hB3_aF0 0.86  8.40 1.80  8.58 1.11  6.60 0.79 14 28
DHV11_3gnrA2_ali_3gnpA1_aF0 0.77  4.83 1.08  4.13 0.54  3.74 0.78 12 24
DHV12_4fj7A1_ali_4fj9A1_aF0 0.41  0.41 0.38  0.14 0.07  0.03 0.07 12 24
DHV12_4fj7A1_ali_4fjjA1_aF0 0.21  0.53 0.52  0.11 0.08  0.01 0.02 12 24
DHV22_3v0fA2_ali_3v0dB1_aF0 0.81  7.20 1.62  6.80 0.95  5.58 0.78 14 28
DHV12_4fj7A1_ali_4fjlA1_aF0 0.73  1.35 0.81  0.78 0.34  0.54 0.40 12 24
DHV22_3v0fA2_ali_3v0gB1_aF0 0.76  7.95 1.75  7.16 0.97  6.19 0.78 14 28
DHV12_4fj7A1_ali_4fjnA2_aF0 0.92  8.31 2.10  7.31 1.08  6.21 0.75 12 24
DHV12_4fj7A1_ali_4fk2A1_aF0 0.30  0.58 0.56  0.17 0.10  0.02 0.03 12 24
DHV12_4fj7A1_ali_4fk4A1_aF0 0.72  1.10 0.70  0.39 0.21  0.40 0.36 12 24
DHV22_3v0fA2_ali_3v0hB3_aF0 0.86  9.35 2.21  8.66 1.38  7.14 0.76 14 28
DHV12_4fj7A1_ali_4m3tA1_aF0 0.73  1.69 0.99  0.24 0.50  0.70 0.41 12 24
DHV12_4fj7A1_ali_4m3yA1_aF0 0.64  0.91 0.64  0.27 0.17  0.27 0.29 12 24
DHV22_3v0gB1_ali_3v0dB1_aF0 0.64  2.23 1.63  1.02 0.60  0.60 0.27 14 28
DHV12_4fj7A1_ali_4m3zA1_aF0 0.74  1.68 0.94  0.29 0.50  0.74 0.44 12 24
DHV12_4fj7A1_ali_4m45A1_aF0 0.62  1.82 1.10  0.71 0.42  0.71 0.39 12 24
DHV12_4fj9A1_ali_4fj7A1_aF0 0.42  0.41 0.38  0.15 0.07  0.03 0.07 12 24
DHV12_4fj9A1_ali_4fjjA1_aF0 0.28  0.62 0.60  0.17 0.09  0.02 0.03 12 24
DHV22_3v0gB1_ali_3v0fA2_aF0 0.75  7.94 2.08  7.16 1.13  5.86 0.74 14 28
DHV12_4fj9A1_ali_4fjlA1_aF0 0.74  1.42 0.87  0.81 0.33  0.55 0.39 12 24
DHV22_3v0gB1_ali_3v0hB3_aF0 0.84  8.38 1.51  8.41 0.93  6.87 0.82 14 28
DHV12_4fj9A1_ali_4fjnA2_aF0 0.92  8.44 2.10  7.41 1.10  6.34 0.75 12 24
DHV12_4fj9A1_ali_4fk2A1_aF0 0.28  0.63 0.61  0.18 0.11  0.02 0.03 12 24
DHV12_4fj9A1_ali_4fk4A1_aF0 0.71  1.14 0.76  0.45 0.19  0.38 0.33 12 24
DHV12_4fj9A1_ali_4m3tA1_aF0 0.74  1.74 1.03  0.28 0.49  0.72 0.41 12 24
DHV22_3v0hB3_ali_3v0dB1_aF0 0.84  8.41 2.14  8.59 1.34  6.27 0.75 14 28
DHV12_4fj9A1_ali_4m3yA1_aF0 0.62  0.91 0.67  0.29 0.17  0.23 0.26 12 24
DHV12_4fj9A1_ali_4m3zA1_aF0 0.76  1.75 0.98  0.33 0.50  0.77 0.44 12 24
DHV12_4fj9A1_ali_4m45A1_aF0 0.66  1.82 1.06  0.75 0.46  0.76 0.42 12 24
DHV12_4fjjA1_ali_4fj7A1_aF0 0.22  0.53 0.52  0.11 0.08  0.01 0.02 12 24
DHV12_4fjjA1_ali_4fj9A1_aF0 0.28  0.62 0.60  0.16 0.09  0.02 0.03 12 24
DHV22_3v0hB3_ali_3v0fA2_aF0 0.87  9.37 2.30  8.68 1.28  7.07 0.75 14 28
DHV12_4fjjA1_ali_4fjlA1_aF0 0.78  1.26 0.65  0.81 0.32  0.61 0.49 12 24
DHV22_3v0hB3_ali_3v0gB1_aF0 0.84  8.38 1.66  8.40 0.95  6.71 0.80 14 28
DHV12_4fjjA1_ali_4fjnA2_aF0 0.92  8.39 2.09  7.38 1.10  6.30 0.75 12 24
DHV23_4mxrB1_ali_4myfA2_aF0 0.85  2.99 1.05  2.86 0.52  1.94 0.65 14 27
DHV12_4fjjA1_ali_4fk2A1_aF0 0.63  0.24 0.20  0.19 0.12  0.04 0.17 12 24
DHV12_4fjjA1_ali_4fk4A1_aF0 0.81  1.01 0.49  0.41 0.22  0.51 0.51 12 24
DHV23_4mxrB1_ali_4mykA2_aF0 0.86  3.56 1.39  2.82 0.58  2.17 0.61 14 27
DHV12_4fjjA1_ali_4m3tA1_aF0 0.73  1.70 1.02  0.25 0.49  0.69 0.40 12 24
DHV23_4mxrB1_ali_4mylA2_aF0 0.83  3.32 1.18  2.80 0.65  2.14 0.65 14 27
DHV12_4fjjA1_ali_4m3yA1_aF0 0.81  0.77 0.39  0.29 0.19  0.38 0.50 12 24
DHV12_4fjjA1_ali_4m3zA1_aF0 0.76  1.72 0.90  0.28 0.53  0.82 0.48 12 24
DHV23_4myfA2_ali_4mxrB1_aF0 0.87  2.98 1.13  2.85 0.64  1.85 0.62 14 27
DHV23_4myfA2_ali_4mykA2_aF0 0.73  1.56 0.95  0.18 0.45  0.60 0.39 14 27
DHV23_4myfA2_ali_4mylA2_aF0 0.67  1.29 0.95  0.33 0.57  0.35 0.27 14 27
DHV12_4fjjA1_ali_4m45A1_aF0 0.65  1.78 1.00  0.69 0.44  0.77 0.44 12 24
DHV12_4fjlA1_ali_4fj7A1_aF0 0.77  1.36 0.80  0.79 0.30  0.57 0.42 12 24
DHV23_4mykA2_ali_4mxrB1_aF0 0.88  3.54 1.37  2.81 0.67  2.17 0.61 14 27
DHV12_4fjlA1_ali_4fj9A1_aF0 0.75  1.43 0.88  0.82 0.32  0.55 0.38 12 24
DHV23_4mykA2_ali_4myfA2_aF0 0.73  1.56 0.92  0.18 0.46  0.64 0.41 14 27
DHV12_4fjlA1_ali_4fjjA1_aF0 0.81  1.27 0.65  0.81 0.30  0.63 0.49 12 24
DHV23_4mykA2_ali_4mylA2_aF0 0.63  1.80 1.20  0.38 0.73  0.60 0.33 14 27
DHV23_4mylA2_ali_4mxrB1_aF0 0.87  3.31 1.31  2.80 0.74  2.00 0.61 14 27
DHV23_4mylA2_ali_4myfA2_aF0 0.68  1.29 0.94  0.32 0.54  0.35 0.27 14 27
DHV23_4mylA2_ali_4mykA2_aF0 0.61  1.81 1.30  0.37 0.69  0.51 0.28 14 27
DHV12_4fjlA1_ali_4fjnA2_aF0 0.92  8.10 1.89  6.91 0.88  6.21 0.77 12 24
DHV12_4fjlA1_ali_4fk2A1_aF0 0.82  1.32 0.68  0.87 0.31  0.64 0.48 12 24
DHV24_2ce2X1_ali_2cl0X2_aF0 0.52  2.96 0.96  1.71 0.53  2.00 0.68 14 27
DHV12_4fjlA1_ali_4fk4A1_aF0 0.84  1.40 0.38  0.68 0.18  1.02 0.73 12 24
DHV24_2ce2X1_ali_2cl6X3_aF0 0.57  3.84 1.34  2.43 0.80  2.50 0.65 14 27
DHV12_4fjlA1_ali_4m3tA1_aF0 0.73  2.21 0.93  0.78 0.47  1.28 0.58 12 24
DHV12_4fjlA1_ali_4m3yA1_aF0 0.79  1.57 0.62  0.82 0.28  0.95 0.61 12 24
DHV24_2ce2X1_ali_2cl7X4_aF0 0.43  2.94 1.33  1.72 0.75  1.61 0.55 14 27
DHV12_4fjlA1_ali_4m3zA1_aF0 0.73  2.28 0.85  0.87 0.49  1.42 0.63 12 24
DHV24_2ce2X1_ali_2clcX4_aF0 0.41  2.93 1.36  1.63 0.77  1.57 0.54 14 27
DHV12_4fjlA1_ali_4m45A1_aF0 0.62  2.17 0.94  0.92 0.36  1.23 0.57 12 24
DHV24_2ce2X1_ali_2evwX4_aF0 0.46  2.91 1.14  1.61 0.69  1.78 0.61 14 27
DHV24_2cl0X2_ali_2ce2X1_aF0 0.54  2.96 0.95  1.71 0.55  2.00 0.68 14 27
DHV12_4fjnA2_ali_4fj7A1_aF0 0.92  8.30 1.94  7.31 0.98  6.36 0.77 12 24
DHV24_2cl0X2_ali_2cl6X3_aF0 0.65  3.63 1.14  2.33 0.45  2.50 0.69 14 27
DHV24_2cl0X2_ali_2cl7X4_aF0 0.71  2.22 1.33  1.49 0.61  0.89 0.40 14 27
DHV24_2cl0X2_ali_2clcX4_aF0 0.68  2.15 1.42  1.34 0.67  0.73 0.34 14 27
DHV24_2cl0X2_ali_2evwX4_aF0 0.69  2.01 1.29  1.11 0.57  0.72 0.36 14 27
DHV12_4fjnA2_ali_4fj9A1_aF0 0.92  8.44 2.08  7.41 1.05  6.36 0.75 12 24
DHV24_2cl6X3_ali_2ce2X1_aF0 0.59  3.83 1.30  2.42 0.76  2.52 0.66 14 27
DHV24_2cl6X3_ali_2cl0X2_aF0 0.71  3.63 1.11  2.32 0.53  2.52 0.69 14 27
DHV12_4fjnA2_ali_4fjjA1_aF0 0.92  8.39 1.98  7.38 1.01  6.41 0.76 12 24
DHV24_2cl6X3_ali_2cl7X4_aF0 0.63  3.34 1.22  1.93 0.48  2.12 0.64 14 27
DHV24_2cl6X3_ali_2clcX4_aF0 0.66  3.47 1.21  1.98 0.51  2.26 0.65 14 27
DHV24_2cl6X3_ali_2evwX4_aF0 0.63  3.43 1.29  2.07 0.56  2.14 0.62 14 27
DHV12_4fjnA2_ali_4fjlA1_aF0 0.92  8.10 1.69  6.91 0.86  6.41 0.79 12 24
DHV24_2cl7X4_ali_2ce2X1_aF0 0.45  2.94 1.24  1.71 0.68  1.70 0.58 14 27
DHV24_2cl7X4_ali_2cl0X2_aF0 0.69  2.21 1.26  1.49 0.59  0.95 0.43 14 27
DHV24_2cl7X4_ali_2cl6X3_aF0 0.56  3.34 1.18  1.94 0.47  2.16 0.65 14 27
DHV12_4fjnA2_ali_4fk2A1_aF0 0.92  8.46 1.99  7.45 1.01  6.47 0.76 12 24
DHV24_2cl7X4_ali_2clcX4_aF0 0.49  0.75 0.66  0.37 0.26  0.09 0.12 14 27
DHV24_2cl7X4_ali_2evwX4_aF0 0.66  1.60 1.15  0.82 0.54  0.45 0.28 14 27
DHV24_2clcX4_ali_2ce2X1_aF0 0.43  2.93 1.29  1.63 0.67  1.64 0.56 14 27
DHV24_2clcX4_ali_2cl0X2_aF0 0.64  2.14 1.31  1.34 0.58  0.83 0.39 14 27
DHV12_4fjnA2_ali_4fk4A1_aF0 0.93  8.46 1.81  7.30 0.97  6.65 0.79 12 24
DHV24_2clcX4_ali_2cl6X3_aF0 0.62  3.48 1.19  1.99 0.46  2.28 0.66 14 27
DHV24_2clcX4_ali_2cl7X4_aF0 0.50  0.75 0.66  0.37 0.26  0.09 0.12 14 27
DHV24_2clcX4_ali_2evwX4_aF0 0.65  1.36 1.01  0.54 0.52  0.35 0.25 14 27
DHV24_2evwX4_ali_2ce2X1_aF0 0.50  2.91 1.04  1.60 0.59  1.87 0.64 14 27
DHV12_4fjnA2_ali_4m3tA1_aF0 0.93  8.08 1.68  7.34 0.94  6.40 0.79 12 24
DHV24_2evwX4_ali_2cl0X2_aF0 0.63  2.01 1.24  1.11 0.41  0.77 0.38 14 27
DHV24_2evwX4_ali_2cl6X3_aF0 0.50  3.44 1.20  2.07 0.42  2.24 0.65 14 27
DHV24_2evwX4_ali_2cl7X4_aF0 0.66  1.60 1.14  0.82 0.50  0.46 0.29 14 27
DHV24_2evwX4_ali_2clcX4_aF0 0.63  1.36 1.03  0.55 0.47  0.34 0.25 14 27
DHV12_4fjnA2_ali_4m3yA1_aF0 0.92  8.47 1.93  7.37 1.02  6.54 0.77 12 24
DHV12_4fjnA2_ali_4m3zA1_aF0 0.93  8.12 1.73  7.41 0.98  6.39 0.79 12 24
DHV25_1gqyB1_ali_1p31B2_aF0 0.84 10.46 1.69  9.51 0.87  8.76 0.84 14 27
DHV12_4fjnA2_ali_4m45A1_aF0 0.92  8.30 1.81  7.32 0.95  6.49 0.78 12 24
DHV12_4fk2A1_ali_4fj7A1_aF0 0.29  0.58 0.56  0.17 0.09  0.02 0.03 12 24
DHV12_4fk2A1_ali_4fj9A1_aF0 0.27  0.63 0.61  0.17 0.10  0.02 0.03 12 24
DHV12_4fk2A1_ali_4fjjA1_aF0 0.63  0.24 0.20  0.19 0.12  0.04 0.18 12 24
DHV25_1gqyB1_ali_1p3dA2_aF0 0.84 10.49 1.69  9.55 0.81  8.80 0.84 14 27
DHV12_4fk2A1_ali_4fjlA1_aF0 0.79  1.30 0.67  0.86 0.33  0.64 0.49 12 24
DHV12_4fk2A1_ali_4fjnA2_aF0 0.91  8.46 2.07  7.45 1.10  6.39 0.76 12 24
DHV25_1p31B2_ali_1gqyB1_aF0 0.77 10.45 1.98  9.50 1.63  8.47 0.81 14 27
DHV25_1p31B2_ali_1p3dA2_aF0 0.66  0.38 0.31  0.20 0.14  0.07 0.19 14 27
DHV12_4fk2A1_ali_4fk4A1_aF0 0.77  1.01 0.51  0.41 0.20  0.50 0.50 12 24
DHV12_4fk2A1_ali_4m3tA1_aF0 0.71  1.74 1.03  0.27 0.54  0.71 0.41 12 24
DHV12_4fk2A1_ali_4m3yA1_aF0 0.79  0.77 0.34  0.29 0.15  0.43 0.55 12 24
DHV12_4fk2A1_ali_4m3zA1_aF0 0.74  1.74 0.88  0.27 0.55  0.86 0.49 12 24
DHV25_1p3dA2_ali_1gqyB1_aF0 0.77 10.49 1.99  9.54 1.03  8.49 0.81 14 27
DHV25_1p3dA2_ali_1p31B2_aF0 0.66  0.38 0.31  0.20 0.13  0.08 0.20 14 27
DHV12_4fk2A1_ali_4m45A1_aF0 0.63  1.81 0.99  0.76 0.46  0.81 0.45 12 24
DHV12_4fk4A1_ali_4fj7A1_aF0 0.70  1.10 0.69  0.40 0.25  0.41 0.37 12 24
DHV26_2rbtX1_ali_2rbuX2_aF0 0.81  4.39 0.72  5.23 0.49  3.67 0.84 15 29
DHV26_2rbtX1_ali_2rbvX1_aF0 0.80  0.11 0.07  0.09 0.06  0.03 0.33 15 29
DHV12_4fk4A1_ali_4fj9A1_aF0 0.69  1.13 0.76  0.43 0.26  0.36 0.32 12 24
DHV12_4fk4A1_ali_4fjjA1_aF0 0.80  0.99 0.50  0.40 0.26  0.50 0.50 12 24
DHV12_4fk4A1_ali_4fjlA1_aF0 0.88  1.40 0.38  0.68 0.17  1.02 0.73 12 24
DHV26_2rbtX1_ali_2rbwX3_aF0 0.64  3.03 0.98  3.48 0.66  2.05 0.68 15 29
DHV26_2rbtX1_ali_2rbxX1_aF0 0.88  0.24 0.12  0.23 0.11  0.12 0.51 15 29
DHV26_2rbtX1_ali_2rbyX1_aF0 0.82  0.17 0.10  0.14 0.08  0.07 0.40 15 29
DHV26_2rbtX1_ali_2rbzX1_aF0 0.87  0.22 0.11  0.23 0.10  0.11 0.48 15 29
DHV26_2rbtX1_ali_2rc0X1_aF0 0.82  0.29 0.17  0.22 0.10  0.12 0.42 15 29
DHV12_4fk4A1_ali_4fjnA2_aF0 0.92  8.47 1.93  7.30 0.98  6.54 0.77 12 24
DHV26_2rbtX1_ali_2rc2X3_aF0 0.64  3.04 0.98  3.51 0.63  2.06 0.68 15 29
DHV12_4fk4A1_ali_4fk2A1_aF0 0.78  1.01 0.52  0.41 0.22  0.50 0.49 12 24
DHV12_4fk4A1_ali_4m3tA1_aF0 0.70  1.23 0.86  0.28 0.46  0.37 0.30 12 24
DHV12_4fk4A1_ali_4m3yA1_aF0 0.71  0.65 0.46  0.30 0.20  0.19 0.29 12 24
DHV12_4fk4A1_ali_4m3zA1_aF0 0.78  1.28 0.78  0.31 0.48  0.50 0.39 12 24
DHV26_2rbuX2_ali_2rbtX1_aF0 0.75  4.38 0.66  5.22 0.47  3.72 0.85 15 29
DHV12_4fk4A1_ali_4m45A1_aF0 0.67  1.49 0.97  0.65 0.44  0.52 0.35 12 24
DHV12_4m3tA1_ali_4fj7A1_aF0 0.67  1.69 0.83  0.25 0.33  0.86 0.51 12 24
DHV26_2rbuX2_ali_2rbvX1_aF0 0.75  4.36 0.65  5.20 0.47  3.71 0.85 15 29
DHV12_4m3tA1_ali_4fj9A1_aF0 0.69  1.74 0.88  0.28 0.33  0.86 0.49 12 24
DHV26_2rbuX2_ali_2rbwX3_aF0 0.84  2.33 0.57  2.44 0.36  1.76 0.76 15 29
DHV12_4m3tA1_ali_4fjjA1_aF0 0.67  1.71 0.86  0.25 0.36  0.84 0.50 12 24
DHV26_2rbuX2_ali_2rbxX1_aF0 0.74  4.43 0.69  5.28 0.53  3.74 0.84 15 29
DHV12_4m3tA1_ali_4fjlA1_aF0 0.67  2.21 0.89  0.79 0.47  1.33 0.60 12 24
DHV26_2rbuX2_ali_2rbyX1_aF0 0.75  4.41 0.66  5.25 0.48  3.75 0.85 15 29
DHV12_4m3tA1_ali_4fjnA2_aF0 0.93  8.09 1.80  7.34 1.06  6.29 0.78 12 24
DHV26_2rbuX2_ali_2rbzX1_aF0 0.75  4.45 0.68  5.30 0.51  3.77 0.85 15 29
DHV12_4m3tA1_ali_4fk2A1_aF0 0.66  1.74 0.89  0.27 0.36  0.85 0.49 12 24
DHV12_4m3tA1_ali_4fk4A1_aF0 0.65  1.23 0.83  0.28 0.44  0.40 0.33 12 24
DHV12_4m3tA1_ali_4m3yA1_aF0 0.67  1.35 0.90  0.22 0.43  0.45 0.33 12 24
DHV12_4m3tA1_ali_4m3zA1_aF0 0.37  0.61 0.57  0.17 0.10  0.04 0.07 12 24
DHV26_2rbuX2_ali_2rc0X1_aF0 0.74  4.45 0.69  5.29 0.51  3.75 0.84 15 29
DHV12_4m3tA1_ali_4m45A1_aF0 0.54  1.52 1.19  0.61 0.46  0.32 0.21 12 24
DHV26_2rbuX2_ali_2rc2X3_aF0 0.85  2.29 0.56  2.40 0.37  1.73 0.75 15 29
DHV26_2rbvX1_ali_2rbtX1_aF0 0.79  0.11 0.07  0.09 0.06  0.04 0.34 15 29
DHV12_4m3yA1_ali_4fj7A1_aF0 0.58  0.91 0.65  0.27 0.19  0.26 0.29 12 24
DHV12_4m3yA1_ali_4fj9A1_aF0 0.57  0.90 0.68  0.28 0.20  0.22 0.24 12 24
DHV12_4m3yA1_ali_4fjjA1_aF0 0.74  0.77 0.40  0.29 0.21  0.37 0.48 12 24
DHV26_2rbvX1_ali_2rbuX2_aF0 0.81  4.37 0.73  5.21 0.49  3.64 0.83 15 29
DHV12_4m3yA1_ali_4fjlA1_aF0 0.80  1.56 0.59  0.81 0.24  0.97 0.62 12 24
DHV26_2rbvX1_ali_2rbwX3_aF0 0.63  3.02 0.97  3.47 0.65  2.05 0.68 15 29
DHV26_2rbvX1_ali_2rbxX1_aF0 0.90  0.29 0.13  0.30 0.12  0.17 0.56 15 29
DHV26_2rbvX1_ali_2rbyX1_aF0 0.88  0.21 0.10  0.19 0.08  0.11 0.52 15 29
DHV26_2rbvX1_ali_2rbzX1_aF0 0.89  0.28 0.12  0.28 0.11  0.15 0.56 15 29
DHV26_2rbvX1_ali_2rc0X1_aF0 0.86  0.32 0.16  0.28 0.10  0.15 0.48 15 29
DHV12_4m3yA1_ali_4fjnA2_aF0 0.92  8.47 2.06  7.37 1.08  6.41 0.76 12 24
DHV26_2rbvX1_ali_2rc2X3_aF0 0.64  3.03 0.96  3.49 0.62  2.07 0.68 15 29
DHV12_4m3yA1_ali_4fk2A1_aF0 0.75  0.77 0.36  0.29 0.18  0.41 0.53 12 24
DHV12_4m3yA1_ali_4fk4A1_aF0 0.71  0.65 0.48  0.30 0.20  0.18 0.27 12 24
DHV12_4m3yA1_ali_4m3tA1_aF0 0.68  1.34 0.99  0.21 0.52  0.35 0.26 12 24
DHV12_4m3yA1_ali_4m3zA1_aF0 0.78  1.30 0.87  0.20 0.55  0.44 0.34 12 24
DHV26_2rbwX3_ali_2rbtX1_aF0 0.65  3.03 0.64  3.48 0.46  2.40 0.79 15 29
DHV12_4m3yA1_ali_4m45A1_aF0 0.74  1.43 0.97  0.57 0.43  0.47 0.33 12 24
DHV26_2rbwX3_ali_2rbuX2_aF0 0.88  2.34 0.72  2.46 0.56  1.62 0.69 15 29
DHV12_4m3zA1_ali_4fj7A1_aF0 0.68  1.69 0.80  0.29 0.35  0.89 0.53 12 24
DHV12_4m3zA1_ali_4fj9A1_aF0 0.70  1.74 0.86  0.33 0.36  0.89 0.51 12 24
DHV26_2rbwX3_ali_2rbvX1_aF0 0.65  3.03 0.63  3.47 0.47  2.39 0.79 15 29
DHV12_4m3zA1_ali_4fjjA1_aF0 0.70  1.72 0.75  0.29 0.36  0.97 0.56 12 24
DHV26_2rbwX3_ali_2rbxX1_aF0 0.65  3.10 0.63  3.59 0.48  2.47 0.80 15 29
DHV12_4m3zA1_ali_4fjlA1_aF0 0.67  2.28 0.82  0.87 0.46  1.46 0.64 12 24
DHV26_2rbwX3_ali_2rbyX1_aF0 0.65  3.06 0.63  3.53 0.47  2.43 0.79 15 29
DHV12_4m3zA1_ali_4fjnA2_aF0 0.93  8.12 1.81  7.41 1.07  6.31 0.78 12 24
DHV26_2rbwX3_ali_2rbzX1_aF0 0.66  3.10 0.63  3.59 0.47  2.47 0.80 15 29
DHV12_4m3zA1_ali_4fk2A1_aF0 0.69  1.75 0.78  0.27 0.35  0.97 0.56 12 24
DHV12_4m3zA1_ali_4fk4A1_aF0 0.71  1.28 0.76  0.31 0.47  0.52 0.41 12 24
DHV26_2rbwX3_ali_2rc0X1_aF0 0.66  3.08 0.64  3.59 0.50  2.45 0.79 15 29
DHV12_4m3zA1_ali_4m3tA1_aF0 0.37  0.61 0.57  0.17 0.10  0.04 0.06 12 24
DHV26_2rbwX3_ali_2rc2X3_aF0 0.81  0.12 0.08  0.13 0.08  0.04 0.34 15 29
DHV26_2rbxX1_ali_2rbtX1_aF0 0.86  0.24 0.12  0.23 0.11  0.12 0.49 15 29
DHV12_4m3zA1_ali_4m3yA1_aF0 0.73  1.32 0.73  0.22 0.42  0.59 0.45 12 24
DHV12_4m3zA1_ali_4m45A1_aF0 0.63  1.41 1.03  0.60 0.54  0.38 0.27 12 24
DHV12_4m45A1_ali_4fj7A1_aF0 0.66  1.81 1.08  0.71 0.47  0.73 0.40 12 24
DHV26_2rbxX1_ali_2rbuX2_aF0 0.81  4.44 0.75  5.29 0.55  3.69 0.83 15 29
DHV26_2rbxX1_ali_2rbvX1_aF0 0.88  0.29 0.13  0.29 0.12  0.16 0.54 15 29
DHV12_4m45A1_ali_4fj9A1_aF0 0.69  1.81 1.05  0.74 0.48  0.76 0.42 12 24
DHV12_4m45A1_ali_4fjjA1_aF0 0.69  1.77 0.99  0.69 0.45  0.77 0.44 12 24
DHV26_2rbxX1_ali_2rbwX3_aF0 0.63  3.10 0.97  3.59 0.67  2.12 0.69 15 29
DHV26_2rbxX1_ali_2rbyX1_aF0 0.79  0.18 0.11  0.19 0.10  0.07 0.37 15 29
DHV26_2rbxX1_ali_2rbzX1_aF0 0.71  0.14 0.10  0.12 0.09  0.03 0.25 15 29
DHV26_2rbxX1_ali_2rc0X1_aF0 0.78  0.22 0.14  0.14 0.11  0.08 0.36 15 29
DHV12_4m45A1_ali_4fjlA1_aF0 0.62  2.17 0.98  0.92 0.42  1.19 0.55 12 24
DHV26_2rbxX1_ali_2rc2X3_aF0 0.63  3.11 0.97  3.61 0.65  2.14 0.69 15 29
DHV26_2rbyX1_ali_2rbtX1_aF0 0.82  0.17 0.10  0.13 0.08  0.07 0.40 15 29
DHV12_4m45A1_ali_4fjnA2_aF0 0.93  8.30 1.94  7.31 0.99  6.36 0.77 12 24
DHV26_2rbyX1_ali_2rbuX2_aF0 0.81  4.42 0.76  5.26 0.55  3.66 0.83 15 29
DHV12_4m45A1_ali_4fk2A1_aF0 0.69  1.80 0.99  0.75 0.48  0.81 0.45 12 24
DHV26_2rbyX1_ali_2rbvX1_aF0 0.89  0.21 0.10  0.19 0.08  0.11 0.52 15 29
DHV12_4m45A1_ali_4fk4A1_aF0 0.67  1.49 1.01  0.65 0.49  0.48 0.32 12 24
DHV12_4m45A1_ali_4m3tA1_aF0 0.61  1.51 1.19  0.61 0.48  0.32 0.21 12 24
DHV12_4m45A1_ali_4m3yA1_aF0 0.71  1.43 0.93  0.57 0.44  0.50 0.35 12 24
DHV26_2rbyX1_ali_2rbwX3_aF0 0.63  3.06 0.97  3.52 0.65  2.08 0.68 15 29
DHV26_2rbyX1_ali_2rbxX1_aF0 0.80  0.18 0.11  0.19 0.10  0.07 0.38 15 29
DHV26_2rbyX1_ali_2rbzX1_aF0 0.87  0.15 0.08  0.17 0.07  0.07 0.48 15 29
DHV26_2rbyX1_ali_2rc0X1_aF0 0.78  0.24 0.15  0.16 0.10  0.09 0.37 15 29
DHV12_4m45A1_ali_4m3zA1_aF0 0.68  1.42 1.03  0.60 0.50  0.38 0.27 12 24
DHV13_2pa5A1_ali_4ge2A1_aF0 0.61  0.19 0.16  0.13 0.12  0.03 0.15 12 22
DHV13_2pa5A1_ali_4ge6B1_aF0 0.71  1.12 0.78  0.70 0.48  0.34 0.31 12 22
DHV13_2pa5A1_ali_4iczA2_aF0 0.92  4.37 1.07  3.36 0.63  3.30 0.76 12 22
DHV13_4ge2A1_ali_2pa5A1_aF0 0.62  0.20 0.17  0.13 0.12  0.03 0.16 12 22
DHV13_4ge2A1_ali_4ge6B1_aF0 0.73  1.20 0.82  0.74 0.53  0.38 0.32 12 22
DHV13_4ge2A1_ali_4iczA2_aF0 0.92  4.39 1.10  3.41 0.63  3.29 0.75 12 22
DHV13_4ge6B1_ali_2pa5A1_aF0 0.71  1.12 0.78  0.70 0.52  0.34 0.31 12 22
DHV26_2rbyX1_ali_2rc2X3_aF0 0.63  3.07 0.97  3.55 0.63  2.10 0.68 15 29
DHV26_2rbzX1_ali_2rbtX1_aF0 0.87  0.22 0.11  0.22 0.10  0.10 0.48 15 29
DHV13_4ge6B1_ali_4ge2A1_aF0 0.71  1.20 0.84  0.74 0.58  0.36 0.30 12 22
DHV13_4ge6B1_ali_4iczA2_aF0 0.90  4.01 1.30  3.10 0.58  2.71 0.68 12 22
DHV13_4iczA2_ali_2pa5A1_aF0 0.89  4.36 1.24  3.35 0.93  3.12 0.72 12 22
DHV26_2rbzX1_ali_2rbuX2_aF0 0.82  4.46 0.75  5.31 0.53  3.70 0.83 15 29
DHV13_4iczA2_ali_4ge2A1_aF0 0.89  4.38 1.26  3.39 0.91  3.13 0.71 12 22
DHV26_2rbzX1_ali_2rbvX1_aF0 0.90  0.28 0.12  0.28 0.11  0.15 0.55 15 29
DHV13_4iczA2_ali_4ge6B1_aF0 0.87  4.02 1.29  3.11 0.68  2.73 0.68 12 22
DHV14_4jhxA1_ali_4kwtC2_aF0 0.69  3.33 1.22  2.86 0.76  2.12 0.64 12 23
DHV14_4kwtC2_ali_4jhxA1_aF0 0.69  3.34 1.10  2.86 0.77  2.24 0.67 12 23
DHV26_2rbzX1_ali_2rbwX3_aF0 0.64  3.09 0.96  3.58 0.65  2.13 0.69 15 29
DHV26_2rbzX1_ali_2rbxX1_aF0 0.72  0.14 0.10  0.12 0.09  0.04 0.26 15 29
DHV26_2rbzX1_ali_2rbyX1_aF0 0.88  0.15 0.08  0.16 0.07  0.07 0.48 15 29
DHV26_2rbzX1_ali_2rc0X1_aF0 0.83  0.25 0.14  0.12 0.08  0.11 0.43 15 29
DHV15_3agnA1_ali_3agoA2_aF0 0.74  7.71 1.61  7.25 0.99  6.11 0.79 12 22
DHV26_2rbzX1_ali_2rc2X3_aF0 0.64  3.11 0.96  3.61 0.63  2.15 0.69 15 29
DHV26_2rc0X1_ali_2rbtX1_aF0 0.83  0.29 0.17  0.22 0.10  0.12 0.40 15 29
DHV15_3agnA1_ali_3ahwA3_aF0 0.78  6.62 1.34  5.52 0.84  5.27 0.80 12 22
DHV15_3agoA2_ali_3agnA1_aF0 0.69  7.72 1.27  7.25 0.67  6.44 0.83 12 22
DHV26_2rc0X1_ali_2rbuX2_aF0 0.81  4.45 0.78  5.30 0.54  3.67 0.82 15 29
DHV26_2rc0X1_ali_2rbvX1_aF0 0.85  0.31 0.17  0.28 0.11  0.14 0.45 15 29
DHV15_3agoA2_ali_3ahwA3_aF0 0.68  5.44 2.04  4.76 0.98  3.40 0.63 12 22
DHV15_3ahwA3_ali_3agnA1_aF0 0.73  6.62 1.46  5.52 0.94  5.16 0.78 12 22
DHV15_3ahwA3_ali_3agoA2_aF0 0.64  5.45 1.13  4.77 0.82  4.32 0.79 12 22
DHV26_2rc0X1_ali_2rbwX3_aF0 0.64  3.08 0.97  3.58 0.67  2.11 0.69 15 29
DHV26_2rc0X1_ali_2rbxX1_aF0 0.79  0.23 0.15  0.14 0.10  0.08 0.35 15 29
DHV26_2rc0X1_ali_2rbyX1_aF0 0.78  0.24 0.16  0.16 0.10  0.08 0.35 15 29
DHV26_2rc0X1_ali_2rbzX1_aF0 0.83  0.24 0.14  0.12 0.08  0.10 0.40 15 29
DHV16_1a4uB1_ali_1b16B2_aF0 0.59  3.66 1.42  2.48 0.78  2.23 0.61 13 25
DHV16_1a4uB1_ali_1b2lA3_aF0 0.51  2.85 1.69  1.72 0.93  1.16 0.41 13 25
DHV26_2rc0X1_ali_2rc2X3_aF0 0.65  3.10 0.96  3.61 0.65  2.13 0.69 15 29
DHV16_1a4uB1_ali_1sbyB2_aF0 0.56  3.64 1.19  2.44 0.49  2.45 0.67 13 25
DHV26_2rc2X3_ali_2rbtX1_aF0 0.66  3.04 0.63  3.50 0.47  2.41 0.79 15 29
DHV16_1b16B2_ali_1a4uB1_aF0 0.58  3.66 1.23  2.47 0.61  2.43 0.66 13 25
DHV26_2rc2X3_ali_2rbuX2_aF0 0.87  2.30 0.70  2.41 0.54  1.60 0.69 15 29
DHV16_1b16B2_ali_1b2lA3_aF0 0.69  4.06 1.48  3.19 0.68  2.58 0.64 13 25
DHV16_1b16B2_ali_1sbyB2_aF0 0.69  1.43 1.03  0.44 0.44  0.40 0.28 13 25
DHV16_1b2lA3_ali_1a4uB1_aF0 0.58  2.85 1.79  1.72 0.98  1.06 0.37 13 25
DHV26_2rc2X3_ali_2rbvX1_aF0 0.65  3.03 0.63  3.49 0.47  2.41 0.79 15 29
DHV26_2rc2X3_ali_2rbwX3_aF0 0.81  0.12 0.08  0.13 0.08  0.04 0.34 15 29
DHV16_1b2lA3_ali_1b16B2_aF0 0.68  4.08 2.00  3.21 1.14  2.08 0.51 13 25
DHV16_1b2lA3_ali_1sbyB2_aF0 0.69  3.75 1.23  3.11 0.54  2.52 0.67 13 25
DHV26_2rc2X3_ali_2rbxX1_aF0 0.65  3.11 0.62  3.61 0.49  2.49 0.80 15 29
DHV16_1sbyB2_ali_1a4uB1_aF0 0.55  3.64 1.20  2.43 0.52  2.43 0.67 13 25
DHV16_1sbyB2_ali_1b16B2_aF0 0.69  1.43 1.03  0.44 0.44  0.41 0.28 13 25
DHV26_2rc2X3_ali_2rbyX1_aF0 0.65  3.07 0.62  3.55 0.47  2.45 0.80 15 29
DHV16_1sbyB2_ali_1b2lA3_aF0 0.67  3.74 1.27  3.09 0.52  2.47 0.66 13 25
DHV26_2rc2X3_ali_2rbzX1_aF0 0.66  3.11 0.62  3.61 0.48  2.48 0.80 15 29
DHV17_3hszA1_ali_3ht0A2_aF0 0.83 12.78 2.08 11.31 1.18 10.70 0.84 13 25
DHV26_2rc2X3_ali_2rc0X1_aF0 0.66  3.09 0.63  3.61 0.51  2.46 0.80 15 29
DHV17_3ht0A2_ali_3hszA1_aF0 0.83 12.79 2.04 11.32 1.39 10.75 0.84 13 25
DHV18_3m7wD1_ali_3oexB1_aF0 0.56  0.79 0.66  0.35 0.27  0.13 0.16 13 25
DHV18_3m7wD1_ali_4gfsA1_aF0 0.76  1.12 0.76  0.38 0.29  0.37 0.33 13 25
DHV18_3m7wD1_ali_4guiB2_aF0 0.80  5.16 0.86  4.37 0.51  4.30 0.83 13 25
DHV27_5ktaA1_ali_5ktcA2_aF0 0.83  8.42 1.53  7.49 1.13  6.89 0.82 15 30
DHV18_3m7wD1_ali_4gujB2_aF0 0.80  5.14 0.86  4.36 0.50  4.28 0.83 13 25
DHV18_3oexB1_ali_3m7wD1_aF0 0.57  0.79 0.65  0.35 0.28  0.14 0.18 13 25
DHV18_3oexB1_ali_4gfsA1_aF0 0.75  1.12 0.71  0.27 0.45  0.41 0.37 13 25
DHV18_3oexB1_ali_4guiB2_aF0 0.79  5.49 0.90  4.56 0.51  4.59 0.84 13 25
DHV18_3oexB1_ali_4gujB2_aF0 0.79  5.48 0.96  4.57 0.51  4.52 0.83 13 25
DHV27_5ktaA1_ali_5ktdA2_aF0 0.83  8.39 1.52  7.47 1.12  6.87 0.82 15 30
DHV18_4gfsA1_ali_3m7wD1_aF0 0.72  1.12 0.71  0.38 0.32  0.41 0.36 13 25
DHV18_4gfsA1_ali_3oexB1_aF0 0.74  1.12 0.70  0.27 0.43  0.42 0.37 13 25
DHV18_4gfsA1_ali_4guiB2_aF0 0.85  5.33 0.75  4.54 0.49  4.58 0.86 13 25
DHV18_4gfsA1_ali_4gujB2_aF0 0.84  5.38 0.99  4.56 0.53  4.39 0.82 13 25
DHV18_4guiB2_ali_3m7wD1_aF0 0.80  5.16 0.87  4.36 0.42  4.29 0.83 13 25
DHV27_5ktcA2_ali_5ktaA1_aF0 0.84  8.43 1.36  7.50 0.95  7.07 0.84 15 30
DHV27_5ktcA2_ali_5ktdA2_aF0 0.69  0.16 0.12  0.11 0.07  0.04 0.24 15 30
DHV18_4guiB2_ali_3oexB1_aF0 0.79  5.49 0.92  4.56 0.45  4.57 0.83 13 25
DHV18_4guiB2_ali_4gfsA1_aF0 0.84  5.32 0.74  4.54 0.43  4.58 0.86 13 25
DHV18_4guiB2_ali_4gujB2_aF0 0.66  0.71 0.54  0.42 0.23  0.17 0.24 13 25
DHV18_4gujB2_ali_3m7wD1_aF0 0.82  5.13 0.85  4.35 0.43  4.28 0.84 13 25
DHV27_5ktdA2_ali_5ktaA1_aF0 0.84  8.40 1.34  7.48 0.93  7.06 0.84 15 30
DHV27_5ktdA2_ali_5ktcA2_aF0 0.68  0.16 0.12  0.11 0.07  0.04 0.23 15 30
DHV18_4gujB2_ali_3oexB1_aF0 0.81  5.48 0.97  4.57 0.44  4.51 0.82 13 25
DHV18_4gujB2_ali_4gfsA1_aF0 0.85  5.37 0.96  4.56 0.49  4.41 0.82 13 25
DHV18_4gujB2_ali_4guiB2_aF0 0.66  0.71 0.54  0.42 0.23  0.17 0.24 13 25
DHV28_2yjdB2_ali_3omqA2_aF0 0.79  2.74 1.32  2.18 0.64  1.41 0.52 15 26
DHV28_3omqA2_ali_2yjdB2_aF0 0.76  2.72 1.30  2.16 0.63  1.42 0.52 15 26
DHV29_3illA1_ali_3iloA2_aF0 0.75  7.92 2.05  4.80 1.35  5.87 0.74 15 29
DHV29_3iloA2_ali_3illA1_aF0 0.76  7.92 2.15  4.80 1.15  5.77 0.73 15 29
DHV19_1dg3A1_ali_1f5nA2_aF0 0.86  6.30 1.72  5.38 0.82  4.59 0.73 13 26
DHV30_2xguA1_ali_2xgyA2_aF0 0.95  7.30 0.96  7.40 0.56  6.34 0.87 15 24
DHV30_2xgyA2_ali_2xguA1_aF0 0.94  7.33 1.17  7.43 0.82  6.16 0.84 15 24
DHV19_1f5nA2_ali_1dg3A1_aF0 0.85  6.30 2.11  5.38 1.30  4.19 0.66 13 26
DHV20_3phgA1_ali_3phhA2_aF0 0.73  3.74 1.27  3.14 0.69  2.47 0.66 13 25
DHV20_3phhA2_ali_3phgA1_aF0 0.60  3.74 0.82  3.14 0.33  2.92 0.78 13 25
DHV21_3d05A1_ali_3d06A2_aF0 0.67  5.41 0.90  4.27 0.49  4.51 0.83 14 27
DHV21_3d06A2_ali_3d05A1_aF0 0.68  5.41 0.92  4.27 0.47  4.49 0.83 14 27
DHV22_3v0dB1_ali_3v0fA2_aF0 0.79  7.20 1.76  6.80 1.11  5.44 0.76 14 28
DHV22_3v0dB1_ali_3v0gB1_aF0 0.67  2.23 1.37  1.02 0.62  0.85 0.38 14 28
DHV22_3v0dB1_ali_3v0hB3_aF0 0.86  8.40 1.80  8.58 1.11  6.60 0.79 14 28
DHV22_3v0fA2_ali_3v0dB1_aF0 0.81  7.20 1.62  6.80 0.95  5.58 0.78 14 28
DHV22_3v0fA2_ali_3v0gB1_aF0 0.76  7.95 1.75  7.16 0.97  6.19 0.78 14 28
DHV22_3v0fA2_ali_3v0hB3_aF0 0.86  9.35 2.21  8.66 1.38  7.14 0.76 14 28
DHV22_3v0gB1_ali_3v0dB1_aF0 0.64  2.23 1.63  1.02 0.60  0.60 0.27 14 28
DHV22_3v0gB1_ali_3v0fA2_aF0 0.75  7.94 2.08  7.16 1.13  5.86 0.74 14 28
DHV22_3v0gB1_ali_3v0hB3_aF0 0.84  8.38 1.51  8.41 0.93  6.87 0.82 14 28
DHV22_3v0hB3_ali_3v0dB1_aF0 0.84  8.41 2.14  8.59 1.34  6.27 0.75 14 28
DHV22_3v0hB3_ali_3v0fA2_aF0 0.87  9.37 2.30  8.68 1.28  7.07 0.75 14 28
DHV22_3v0hB3_ali_3v0gB1_aF0 0.84  8.38 1.66  8.40 0.95  6.71 0.80 14 28
DHV23_4mxrB1_ali_4myfA2_aF0 0.85  2.99 1.05  2.86 0.52  1.94 0.65 14 27
DHV23_4mxrB1_ali_4mykA2_aF0 0.86  3.56 1.39  2.82 0.58  2.17 0.61 14 27
DHV23_4mxrB1_ali_4mylA2_aF0 0.83  3.32 1.18  2.80 0.65  2.14 0.65 14 27
DHV23_4myfA2_ali_4mxrB1_aF0 0.87  2.98 1.13  2.85 0.64  1.85 0.62 14 27
DHV23_4myfA2_ali_4mykA2_aF0 0.73  1.56 0.95  0.18 0.45  0.60 0.39 14 27
DHV23_4myfA2_ali_4mylA2_aF0 0.67  1.29 0.95  0.33 0.57  0.35 0.27 14 27
DHV23_4mykA2_ali_4mxrB1_aF0 0.88  3.54 1.37  2.81 0.67  2.17 0.61 14 27
DHV23_4mykA2_ali_4myfA2_aF0 0.73  1.56 0.92  0.18 0.46  0.64 0.41 14 27
DHV23_4mykA2_ali_4mylA2_aF0 0.63  1.80 1.20  0.38 0.73  0.60 0.33 14 27
DHV23_4mylA2_ali_4mxrB1_aF0 0.87  3.31 1.31  2.80 0.74  2.00 0.61 14 27
DHV23_4mylA2_ali_4myfA2_aF0 0.68  1.29 0.94  0.32 0.54  0.35 0.27 14 27
DHV23_4mylA2_ali_4mykA2_aF0 0.61  1.81 1.30  0.37 0.69  0.51 0.28 14 27
DHV24_2ce2X1_ali_2cl0X2_aF0 0.52  2.96 0.96  1.71 0.53  2.00 0.68 14 27
DHV24_2ce2X1_ali_2cl6X3_aF0 0.57  3.84 1.34  2.43 0.80  2.50 0.65 14 27
DHV24_2ce2X1_ali_2cl7X4_aF0 0.43  2.94 1.33  1.72 0.75  1.61 0.55 14 27
DHV24_2ce2X1_ali_2clcX4_aF0 0.41  2.93 1.36  1.63 0.77  1.57 0.54 14 27
DHV24_2ce2X1_ali_2evwX4_aF0 0.46  2.91 1.14  1.61 0.69  1.78 0.61 14 27
DHV24_2cl0X2_ali_2ce2X1_aF0 0.54  2.96 0.95  1.71 0.55  2.00 0.68 14 27
DHV24_2cl0X2_ali_2cl6X3_aF0 0.65  3.63 1.14  2.33 0.45  2.50 0.69 14 27
DHV24_2cl0X2_ali_2cl7X4_aF0 0.71  2.22 1.33  1.49 0.61  0.89 0.40 14 27
DHV24_2cl0X2_ali_2clcX4_aF0 0.68  2.15 1.42  1.34 0.67  0.73 0.34 14 27
DHV24_2cl0X2_ali_2evwX4_aF0 0.69  2.01 1.29  1.11 0.57  0.72 0.36 14 27
DHV24_2cl6X3_ali_2ce2X1_aF0 0.59  3.83 1.30  2.42 0.76  2.52 0.66 14 27
DHV24_2cl6X3_ali_2cl0X2_aF0 0.71  3.63 1.11  2.32 0.53  2.52 0.69 14 27
DHV24_2cl6X3_ali_2cl7X4_aF0 0.63  3.34 1.22  1.93 0.48  2.12 0.64 14 27
DHV24_2cl6X3_ali_2clcX4_aF0 0.66  3.47 1.21  1.98 0.51  2.26 0.65 14 27
DHV24_2cl6X3_ali_2evwX4_aF0 0.63  3.43 1.29  2.07 0.56  2.14 0.62 14 27
DHV24_2cl7X4_ali_2ce2X1_aF0 0.45  2.94 1.24  1.71 0.68  1.70 0.58 14 27
DHV24_2cl7X4_ali_2cl0X2_aF0 0.69  2.21 1.26  1.49 0.59  0.95 0.43 14 27
DHV24_2cl7X4_ali_2cl6X3_aF0 0.56  3.34 1.18  1.94 0.47  2.16 0.65 14 27
DHV24_2cl7X4_ali_2clcX4_aF0 0.49  0.75 0.66  0.37 0.26  0.09 0.12 14 27
DHV24_2cl7X4_ali_2evwX4_aF0 0.66  1.60 1.15  0.82 0.54  0.45 0.28 14 27
DHV24_2clcX4_ali_2ce2X1_aF0 0.43  2.93 1.29  1.63 0.67  1.64 0.56 14 27
DHV24_2clcX4_ali_2cl0X2_aF0 0.64  2.14 1.31  1.34 0.58  0.83 0.39 14 27
DHV24_2clcX4_ali_2cl6X3_aF0 0.62  3.48 1.19  1.99 0.46  2.28 0.66 14 27
DHV24_2clcX4_ali_2cl7X4_aF0 0.50  0.75 0.66  0.37 0.26  0.09 0.12 14 27
DHV24_2clcX4_ali_2evwX4_aF0 0.65  1.36 1.01  0.54 0.52  0.35 0.25 14 27
DHV24_2evwX4_ali_2ce2X1_aF0 0.50  2.91 1.04  1.60 0.59  1.87 0.64 14 27
DHV24_2evwX4_ali_2cl0X2_aF0 0.63  2.01 1.24  1.11 0.41  0.77 0.38 14 27
DHV24_2evwX4_ali_2cl6X3_aF0 0.50  3.44 1.20  2.07 0.42  2.24 0.65 14 27
DHV24_2evwX4_ali_2cl7X4_aF0 0.66  1.60 1.14  0.82 0.50  0.46 0.29 14 27
DHV24_2evwX4_ali_2clcX4_aF0 0.63  1.36 1.03  0.55 0.47  0.34 0.25 14 27
DHV25_1gqyB1_ali_1p31B2_aF0 0.84 10.46 1.69  9.51 0.87  8.76 0.84 14 27
DHV25_1gqyB1_ali_1p3dA2_aF0 0.84 10.49 1.69  9.55 0.81  8.80 0.84 14 27
DHV25_1p31B2_ali_1gqyB1_aF0 0.77 10.45 1.98  9.50 1.63  8.47 0.81 14 27
DHV25_1p31B2_ali_1p3dA2_aF0 0.66  0.38 0.31  0.20 0.14  0.07 0.19 14 27
DHV25_1p3dA2_ali_1gqyB1_aF0 0.77 10.49 1.99  9.54 1.03  8.49 0.81 14 27
DHV25_1p3dA2_ali_1p31B2_aF0 0.66  0.38 0.31  0.20 0.13  0.08 0.20 14 27
DHV26_2rbtX1_ali_2rbuX2_aF0 0.81  4.39 0.72  5.23 0.49  3.67 0.84 15 29
DHV26_2rbtX1_ali_2rbvX1_aF0 0.80  0.11 0.07  0.09 0.06  0.03 0.33 15 29
DHV26_2rbtX1_ali_2rbwX3_aF0 0.64  3.03 0.98  3.48 0.66  2.05 0.68 15 29
DHV26_2rbtX1_ali_2rbxX1_aF0 0.88  0.24 0.12  0.23 0.11  0.12 0.51 15 29
DHV26_2rbtX1_ali_2rbyX1_aF0 0.82  0.17 0.10  0.14 0.08  0.07 0.40 15 29
DHV26_2rbtX1_ali_2rbzX1_aF0 0.87  0.22 0.11  0.23 0.10  0.11 0.48 15 29
DHV26_2rbtX1_ali_2rc0X1_aF0 0.82  0.29 0.17  0.22 0.10  0.12 0.42 15 29
DHV26_2rbtX1_ali_2rc2X3_aF0 0.64  3.04 0.98  3.51 0.63  2.06 0.68 15 29
DHV26_2rbuX2_ali_2rbtX1_aF0 0.75  4.38 0.66  5.22 0.47  3.72 0.85 15 29
DHV26_2rbuX2_ali_2rbvX1_aF0 0.75  4.36 0.65  5.20 0.47  3.71 0.85 15 29
DHV26_2rbuX2_ali_2rbwX3_aF0 0.84  2.33 0.57  2.44 0.36  1.76 0.76 15 29
DHV26_2rbuX2_ali_2rbxX1_aF0 0.74  4.43 0.69  5.28 0.53  3.74 0.84 15 29
DHV26_2rbuX2_ali_2rbyX1_aF0 0.75  4.41 0.66  5.25 0.48  3.75 0.85 15 29
DHV26_2rbuX2_ali_2rbzX1_aF0 0.75  4.45 0.68  5.30 0.51  3.77 0.85 15 29
DHV26_2rbuX2_ali_2rc0X1_aF0 0.74  4.45 0.69  5.29 0.51  3.75 0.84 15 29
DHV26_2rbuX2_ali_2rc2X3_aF0 0.85  2.29 0.56  2.40 0.37  1.73 0.75 15 29
DHV26_2rbvX1_ali_2rbtX1_aF0 0.79  0.11 0.07  0.09 0.06  0.04 0.34 15 29
DHV26_2rbvX1_ali_2rbuX2_aF0 0.81  4.37 0.73  5.21 0.49  3.64 0.83 15 29
DHV26_2rbvX1_ali_2rbwX3_aF0 0.63  3.02 0.97  3.47 0.65  2.05 0.68 15 29
DHV26_2rbvX1_ali_2rbxX1_aF0 0.90  0.29 0.13  0.30 0.12  0.17 0.56 15 29
DHV26_2rbvX1_ali_2rbyX1_aF0 0.88  0.21 0.10  0.19 0.08  0.11 0.52 15 29
DHV26_2rbvX1_ali_2rbzX1_aF0 0.89  0.28 0.12  0.28 0.11  0.15 0.56 15 29
DHV26_2rbvX1_ali_2rc0X1_aF0 0.86  0.32 0.16  0.28 0.10  0.15 0.48 15 29
DHV26_2rbvX1_ali_2rc2X3_aF0 0.64  3.03 0.96  3.49 0.62  2.07 0.68 15 29
DHV26_2rbwX3_ali_2rbtX1_aF0 0.65  3.03 0.64  3.48 0.46  2.40 0.79 15 29
DHV26_2rbwX3_ali_2rbuX2_aF0 0.88  2.34 0.72  2.46 0.56  1.62 0.69 15 29
DHV26_2rbwX3_ali_2rbvX1_aF0 0.65  3.03 0.63  3.47 0.47  2.39 0.79 15 29
DHV26_2rbwX3_ali_2rbxX1_aF0 0.65  3.10 0.63  3.59 0.48  2.47 0.80 15 29
DHV26_2rbwX3_ali_2rbyX1_aF0 0.65  3.06 0.63  3.53 0.47  2.43 0.79 15 29
DHV26_2rbwX3_ali_2rbzX1_aF0 0.66  3.10 0.63  3.59 0.47  2.47 0.80 15 29
DHV26_2rbwX3_ali_2rc0X1_aF0 0.66  3.08 0.64  3.59 0.50  2.45 0.79 15 29
DHV26_2rbwX3_ali_2rc2X3_aF0 0.81  0.12 0.08  0.13 0.08  0.04 0.34 15 29
DHV26_2rbxX1_ali_2rbtX1_aF0 0.86  0.24 0.12  0.23 0.11  0.12 0.49 15 29
DHV26_2rbxX1_ali_2rbuX2_aF0 0.81  4.44 0.75  5.29 0.55  3.69 0.83 15 29
DHV26_2rbxX1_ali_2rbvX1_aF0 0.88  0.29 0.13  0.29 0.12  0.16 0.54 15 29
DHV26_2rbxX1_ali_2rbwX3_aF0 0.63  3.10 0.97  3.59 0.67  2.12 0.69 15 29
DHV26_2rbxX1_ali_2rbyX1_aF0 0.79  0.18 0.11  0.19 0.10  0.07 0.37 15 29
DHV26_2rbxX1_ali_2rbzX1_aF0 0.71  0.14 0.10  0.12 0.09  0.03 0.25 15 29
DHV26_2rbxX1_ali_2rc0X1_aF0 0.78  0.22 0.14  0.14 0.11  0.08 0.36 15 29
DHV26_2rbxX1_ali_2rc2X3_aF0 0.63  3.11 0.97  3.61 0.65  2.14 0.69 15 29
DHV26_2rbyX1_ali_2rbtX1_aF0 0.82  0.17 0.10  0.13 0.08  0.07 0.40 15 29
DHV26_2rbyX1_ali_2rbuX2_aF0 0.81  4.42 0.76  5.26 0.55  3.66 0.83 15 29
DHV26_2rbyX1_ali_2rbvX1_aF0 0.89  0.21 0.10  0.19 0.08  0.11 0.52 15 29
DHV26_2rbyX1_ali_2rbwX3_aF0 0.63  3.06 0.97  3.52 0.65  2.08 0.68 15 29
DHV26_2rbyX1_ali_2rbxX1_aF0 0.80  0.18 0.11  0.19 0.10  0.07 0.38 15 29
DHV26_2rbyX1_ali_2rbzX1_aF0 0.87  0.15 0.08  0.17 0.07  0.07 0.48 15 29
DHV26_2rbyX1_ali_2rc0X1_aF0 0.78  0.24 0.15  0.16 0.10  0.09 0.37 15 29
DHV26_2rbyX1_ali_2rc2X3_aF0 0.63  3.07 0.97  3.55 0.63  2.10 0.68 15 29
DHV26_2rbzX1_ali_2rbtX1_aF0 0.87  0.22 0.11  0.22 0.10  0.10 0.48 15 29
DHV26_2rbzX1_ali_2rbuX2_aF0 0.82  4.46 0.75  5.31 0.53  3.70 0.83 15 29
DHV26_2rbzX1_ali_2rbvX1_aF0 0.90  0.28 0.12  0.28 0.11  0.15 0.55 15 29
DHV26_2rbzX1_ali_2rbwX3_aF0 0.64  3.09 0.96  3.58 0.65  2.13 0.69 15 29
DHV26_2rbzX1_ali_2rbxX1_aF0 0.72  0.14 0.10  0.12 0.09  0.04 0.26 15 29
DHV26_2rbzX1_ali_2rbyX1_aF0 0.88  0.15 0.08  0.16 0.07  0.07 0.48 15 29
DHV26_2rbzX1_ali_2rc0X1_aF0 0.83  0.25 0.14  0.12 0.08  0.11 0.43 15 29
DHV26_2rbzX1_ali_2rc2X3_aF0 0.64  3.11 0.96  3.61 0.63  2.15 0.69 15 29
DHV26_2rc0X1_ali_2rbtX1_aF0 0.83  0.29 0.17  0.22 0.10  0.12 0.40 15 29
DHV26_2rc0X1_ali_2rbuX2_aF0 0.81  4.45 0.78  5.30 0.54  3.67 0.82 15 29
DHV26_2rc0X1_ali_2rbvX1_aF0 0.85  0.31 0.17  0.28 0.11  0.14 0.45 15 29
DHV26_2rc0X1_ali_2rbwX3_aF0 0.64  3.08 0.97  3.58 0.67  2.11 0.69 15 29
DHV26_2rc0X1_ali_2rbxX1_aF0 0.79  0.23 0.15  0.14 0.10  0.08 0.35 15 29
DHV26_2rc0X1_ali_2rbyX1_aF0 0.78  0.24 0.16  0.16 0.10  0.08 0.35 15 29
DHV26_2rc0X1_ali_2rbzX1_aF0 0.83  0.24 0.14  0.12 0.08  0.10 0.40 15 29
DHV26_2rc0X1_ali_2rc2X3_aF0 0.65  3.10 0.96  3.61 0.65  2.13 0.69 15 29
DHV26_2rc2X3_ali_2rbtX1_aF0 0.66  3.04 0.63  3.50 0.47  2.41 0.79 15 29
DHV26_2rc2X3_ali_2rbuX2_aF0 0.87  2.30 0.70  2.41 0.54  1.60 0.69 15 29
DHV26_2rc2X3_ali_2rbvX1_aF0 0.65  3.03 0.63  3.49 0.47  2.41 0.79 15 29
DHV26_2rc2X3_ali_2rbwX3_aF0 0.81  0.12 0.08  0.13 0.08  0.04 0.34 15 29
DHV26_2rc2X3_ali_2rbxX1_aF0 0.65  3.11 0.62  3.61 0.49  2.49 0.80 15 29
DHV26_2rc2X3_ali_2rbyX1_aF0 0.65  3.07 0.62  3.55 0.47  2.45 0.80 15 29
DHV26_2rc2X3_ali_2rbzX1_aF0 0.66  3.11 0.62  3.61 0.48  2.48 0.80 15 29
DHV26_2rc2X3_ali_2rc0X1_aF0 0.66  3.09 0.63  3.61 0.51  2.46 0.80 15 29
DHV27_5ktaA1_ali_5ktcA2_aF0 0.83  8.42 1.53  7.49 1.13  6.89 0.82 15 30
DHV27_5ktaA1_ali_5ktdA2_aF0 0.83  8.39 1.52  7.47 1.12  6.87 0.82 15 30
DHV27_5ktcA2_ali_5ktaA1_aF0 0.84  8.43 1.36  7.50 0.95  7.07 0.84 15 30
DHV27_5ktcA2_ali_5ktdA2_aF0 0.69  0.16 0.12  0.11 0.07  0.04 0.24 15 30
DHV27_5ktdA2_ali_5ktaA1_aF0 0.84  8.40 1.34  7.48 0.93  7.06 0.84 15 30
DHV27_5ktdA2_ali_5ktcA2_aF0 0.68  0.16 0.12  0.11 0.07  0.04 0.23 15 30
DHV28_2yjdB2_ali_3omqA2_aF0 0.79  2.74 1.32  2.18 0.64  1.41 0.52 15 26
DHV28_3omqA2_ali_2yjdB2_aF0 0.76  2.72 1.30  2.16 0.63  1.42 0.52 15 26
DHV29_3illA1_ali_3iloA2_aF0 0.75  7.92 2.05  4.80 1.35  5.87 0.74 15 29
DHV29_3iloA2_ali_3illA1_aF0 0.76  7.92 2.15  4.80 1.15  5.77 0.73 15 29
DHV30_2xguA1_ali_2xgyA2_aF0 0.95  7.30 0.96  7.40 0.56  6.34 0.87 15 24
DHV30_2xgyA2_ali_2xguA1_aF0 0.94  7.33 1.17  7.43 0.82  6.16 0.84 15 24
#-----------------------------------------------------------------
#Avg(579):                  0.72  3.20 0.99  2.62 0.54  2.20 0.55 13 26
#Sig(579):                  0.13  2.63 0.55  2.56 0.33  2.25 0.23  2  3
#Med(579):                  0.72  2.96 0.96  2.07 0.51  1.73 0.60 14 26
