# Morphing          RmsdI RmsdF  RmsdINCAC  RmsdFNCAC  N_res N_dh  RmsdD delta0 Motion
DHV01_3iu1B1_ali_3iu2A2_aF0  4.33 1.47 3.39 0.43   0.65 0.66
DHV01_3iu1B1_ali_3iweA2_aF0  4.40 1.48 3.53 0.52   0.67 0.66
DHV01_3iu1B1_ali_3jtkA2_aF0  4.48 1.49 3.56 0.49   0.68 0.67
DHV01_3iu2A2_ali_3iu1B1_aF0  4.33 1.49 3.39 0.65   0.68 0.66
DHV01_3iweA2_ali_3iu1B1_aF0  4.40 1.56 3.53 0.84   0.68 0.65
DHV01_3jtkA2_ali_3iu1B1_aF0  4.48 1.55 3.56 0.72   0.68 0.65
DHV02_4hidA1_ali_4hj7A2_aF0  3.40 1.63 2.25 0.91   0.61 0.52
DHV02_4hikA1_ali_4hj7A2_aF0  3.18 1.51 2.36 0.97   0.52 0.53
DHV02_4himA1_ali_4hj7A2_aF0  3.20 1.52 2.39 0.95   0.55 0.53
DHV02_4hioA1_ali_4hj7A2_aF0  3.45 1.63 2.32 0.96   0.60 0.53
DHV02_4hj7A2_ali_4hidA1_aF0  3.40 1.53 2.25 0.70   0.52 0.55
DHV02_4hj7A2_ali_4hikA1_aF0  3.18 1.65 2.36 0.97   0.40 0.48
DHV02_4hj7A2_ali_4himA1_aF0  3.20 1.67 2.39 0.97   0.40 0.48
DHV02_4hj7A2_ali_4hioA1_aF0  3.45 1.52 2.32 0.71   0.52 0.56
DHV02_4hj7A2_ali_4hj9A1_aF0  3.16 1.43 2.33 0.75   0.46 0.55
DHV02_4hj9A1_ali_4hj7A2_aF0  3.16 1.37 2.33 0.86   0.55 0.57
DHV03_4kfrB1_ali_4kfuA2_aF0  6.41 1.78 4.56 0.95   0.80 0.72
DHV03_4kfuA2_ali_4kfrB1_aF0  6.41 1.75 4.56 0.90   0.79 0.73
DHV04_3waeA1_ali_3wafB2_aF0  3.98 1.91 3.12 1.13   0.79 0.52
DHV04_3wafB2_ali_3waeA1_aF0  3.98 2.08 3.12 1.26   0.76 0.48
DHV05_3mp6A1_ali_3mp8A2_aF0  5.65 2.81 5.33 1.88   0.78 0.50
DHV05_3mp8A2_ali_3mp6A1_aF0  5.65 2.19 5.33 1.51   0.76 0.61
DHV06_1xbbA1_ali_4fyoA2_aF0  3.54 1.32 3.18 1.07   0.88 0.63
DHV06_1xbbA1_ali_4i0sA2_aF0  4.08 1.57 3.82 1.41   0.89 0.61
DHV06_1xbbA1_ali_4i0tA2_aF0  3.57 2.46 2.62 1.50   0.49 0.31
DHV06_4fyoA2_ali_1xbbA1_aF0  3.54 1.31 3.18 0.94   0.85 0.63
DHV06_4fyoA2_ali_4i0tA2_aF0  3.27 1.39 2.09 1.11   0.77 0.58
DHV06_4i0sA2_ali_1xbbA1_aF0  4.08 1.43 3.82 1.11   0.85 0.65
DHV06_4i0sA2_ali_4i0tA2_aF0  3.99 2.37 2.81 1.45   0.73 0.41
DHV06_4i0tA2_ali_1xbbA1_aF0  3.57 1.37 2.62 0.94   0.79 0.62
DHV06_4i0tA2_ali_4fyoA2_aF0  3.27 2.24 2.09 0.87   0.78 0.32
DHV06_4i0tA2_ali_4i0sA2_aF0  3.99 2.75 2.81 0.97   0.78 0.31
DHV07_3n4fA1_ali_3qpeD2_aF0  5.80 0.93 4.17 0.40   0.83 0.84
DHV07_3n4fA1_ali_3vccA2_aF0  5.78 0.96 4.17 0.47   0.83 0.83
DHV07_3qpeD2_ali_3n4fA1_aF0  5.80 0.97 4.17 0.61   0.83 0.83
DHV07_3vccA2_ali_3n4fA1_aF0  5.78 0.99 4.17 0.65   0.83 0.83
DHV08_2vovA1_ali_2voxA2_aF0  4.30 0.88 3.05 0.53   0.66 0.80
DHV08_2voxA2_ali_2vovA1_aF0  4.30 0.85 3.05 0.57   0.73 0.80
DHV09_2q9fA1_ali_3mdmA2_aF0  6.32 1.72 4.81 1.27   0.78 0.73
DHV09_3mdmA2_ali_2q9fA1_aF0  6.32 1.68 4.81 1.25   0.71 0.73
DHV10_3irsC1_ali_3k4wL2_aF0  5.14 1.45 4.39 0.98   0.86 0.72
DHV10_3k4wL2_ali_3irsC1_aF0  5.14 1.47 4.39 0.96   0.89 0.71
DHV11_3gnoA1_ali_3gnpA1_aF0  5.04 0.97 4.24 0.47   0.76 0.81
DHV11_3gnpA1_ali_3gnoA1_aF0  5.04 1.11 4.24 0.52   0.75 0.78
DHV11_3gnpA1_ali_3gnrA2_aF0  4.84 1.11 4.14 0.45   0.76 0.77
DHV11_3gnrA2_ali_3gnpA1_aF0  4.84 1.09 4.14 0.53   0.77 0.78
DHV12_4fj7A1_ali_4fjnA2_aF0  8.33 2.08 7.34 1.06   0.92 0.75
DHV12_4fj9A1_ali_4fjnA2_aF0  8.46 2.09 7.44 1.07   0.92 0.75
DHV12_4fjjA1_ali_4fjnA2_aF0  8.42 2.11 7.41 1.07   0.92 0.75
DHV12_4fjlA1_ali_4fjnA2_aF0  8.12 1.83 6.93 0.87   0.92 0.77
DHV12_4fjnA2_ali_4fj7A1_aF0  8.33 1.94 7.34 0.98   0.92 0.77
DHV12_4fjnA2_ali_4fj9A1_aF0  8.46 2.07 7.44 1.04   0.92 0.75
DHV12_4fjnA2_ali_4fjjA1_aF0  8.42 1.98 7.41 1.00   0.92 0.76
DHV12_4fjnA2_ali_4fjlA1_aF0  8.12 1.69 6.93 0.86   0.92 0.79
DHV12_4fjnA2_ali_4fk2A1_aF0  8.48 1.99 7.47 1.00   0.92 0.77
DHV12_4fjnA2_ali_4fk4A1_aF0  8.49 1.81 7.33 0.96   0.93 0.79
DHV12_4fjnA2_ali_4m3tA1_aF0  8.11 1.68 7.37 0.94   0.93 0.79
DHV12_4fjnA2_ali_4m3yA1_aF0  8.50 1.93 7.40 1.03   0.92 0.77
DHV12_4fjnA2_ali_4m3zA1_aF0  8.15 1.72 7.44 0.98   0.93 0.79
DHV12_4fjnA2_ali_4m45A1_aF0  8.33 1.84 7.34 0.97   0.92 0.78
DHV12_4fk2A1_ali_4fjnA2_aF0  8.48 2.07 7.47 1.10   0.91 0.76
DHV12_4fk4A1_ali_4fjnA2_aF0  8.49 1.91 7.33 0.92   0.92 0.77
DHV12_4m3tA1_ali_4fjnA2_aF0  8.11 1.76 7.37 0.93   0.93 0.78
DHV12_4m3yA1_ali_4fjnA2_aF0  8.50 2.03 7.40 1.05   0.92 0.76
DHV12_4m3zA1_ali_4fjnA2_aF0  8.15 1.78 7.44 0.93   0.93 0.78
DHV12_4m45A1_ali_4fjnA2_aF0  8.33 1.96 7.34 0.92   0.93 0.76
DHV13_2pa5A1_ali_4iczA2_aF0  4.38 1.07 3.37 0.63   0.92 0.76
DHV13_4ge2A1_ali_4iczA2_aF0  4.41 1.10 3.42 0.63   0.92 0.75
DHV13_4ge6B1_ali_4iczA2_aF0  4.04 1.30 3.13 0.59   0.90 0.68
DHV13_4iczA2_ali_2pa5A1_aF0  4.38 1.24 3.37 0.93   0.89 0.72
DHV13_4iczA2_ali_4ge2A1_aF0  4.41 1.26 3.42 0.92   0.89 0.71
DHV13_4iczA2_ali_4ge6B1_aF0  4.04 1.29 3.13 0.68   0.87 0.68
DHV14_4jhxA1_ali_4kwtC2_aF0  3.35 1.22 2.87 0.77   0.69 0.64
DHV14_4kwtC2_ali_4jhxA1_aF0  3.35 1.10 2.87 0.76   0.69 0.67
DHV15_3agnA1_ali_3agoA2_aF0  7.73 1.33 7.26 0.68   0.74 0.83
DHV15_3agnA1_ali_3ahwA3_aF0  6.63 1.34 5.53 0.83   0.78 0.80
DHV15_3agoA2_ali_3agnA1_aF0  7.73 1.28 7.26 0.71   0.69 0.83
DHV15_3agoA2_ali_3ahwA3_aF0  5.45 0.98 4.78 0.50   0.68 0.82
DHV15_3ahwA3_ali_3agnA1_aF0  6.63 1.46 5.53 0.94   0.73 0.78
DHV15_3ahwA3_ali_3agoA2_aF0  5.45 1.12 4.78 0.82   0.64 0.79
DHV16_1a4uB1_ali_1b16B2_aF0  3.67 1.42 2.48 0.78   0.59 0.61
DHV16_1a4uB1_ali_1b2lA3_aF0  2.86 1.69 1.73 0.94   0.51 0.41
DHV16_1a4uB1_ali_1sbyB2_aF0  3.65 1.19 2.45 0.49   0.56 0.67
DHV16_1b16B2_ali_1a4uB1_aF0  3.67 1.26 2.48 0.63   0.58 0.66
DHV16_1b16B2_ali_1b2lA3_aF0  4.08 1.48 3.22 0.69   0.69 0.64
DHV16_1b2lA3_ali_1a4uB1_aF0  2.86 1.79 1.73 0.98   0.58 0.37
DHV16_1b2lA3_ali_1b16B2_aF0  4.08 1.49 3.22 0.79   0.68 0.63
DHV16_1b2lA3_ali_1sbyB2_aF0  3.76 1.28 3.11 0.52   0.69 0.66
DHV16_1sbyB2_ali_1a4uB1_aF0  3.65 1.17 2.45 0.51   0.55 0.68
DHV16_1sbyB2_ali_1b2lA3_aF0  3.76 1.28 3.12 0.53   0.67 0.66
DHV17_3hszA1_ali_3ht0A2_aF0  12.80 2.00 11.34 1.28   0.83 0.84
DHV17_3ht0A2_ali_3hszA1_aF0  12.80 2.86 11.34 1.67   0.83 0.78
DHV18_3m7wD1_ali_4guiB2_aF0  5.17 0.86 4.38 0.53   0.79 0.83
DHV18_3m7wD1_ali_4gujB2_aF0  5.15 0.86 4.37 0.50   0.80 0.83
DHV18_3oexB1_ali_4guiB2_aF0  5.51 0.90 4.58 0.51   0.79 0.84
DHV18_3oexB1_ali_4gujB2_aF0  5.50 0.96 4.59 0.51   0.79 0.83
DHV18_4gfsA1_ali_4guiB2_aF0  5.35 0.75 4.57 0.49   0.85 0.86
DHV18_4gfsA1_ali_4gujB2_aF0  5.40 0.99 4.58 0.53   0.84 0.82
DHV18_4guiB2_ali_3m7wD1_aF0  5.17 0.97 4.38 0.54   0.80 0.81
DHV18_4guiB2_ali_3oexB1_aF0  5.51 0.97 4.58 0.49   0.79 0.82
DHV18_4guiB2_ali_4gfsA1_aF0  5.35 1.30 4.57 1.03   0.84 0.76
DHV18_4gujB2_ali_3m7wD1_aF0  5.15 0.96 4.37 0.55   0.82 0.81
DHV18_4gujB2_ali_3oexB1_aF0  5.50 1.55 4.59 1.13   0.81 0.72
DHV18_4gujB2_ali_4gfsA1_aF0  5.40 1.44 4.58 1.07   0.85 0.73
DHV19_1dg3A1_ali_1f5nA2_aF0  6.32 1.72 5.40 0.82   0.86 0.73
DHV19_1f5nA2_ali_1dg3A1_aF0  6.32 2.20 5.40 1.39   0.85 0.65
DHV20_3phgA1_ali_3phhA2_aF0  3.75 1.27 3.15 0.69   0.73 0.66
DHV20_3phhA2_ali_3phgA1_aF0  3.75 0.82 3.15 0.33   0.60 0.78
DHV21_3d05A1_ali_3d06A2_aF0  5.42 0.91 4.29 0.50   0.67 0.83
DHV21_3d06A2_ali_3d05A1_aF0  5.42 0.92 4.29 0.48   0.68 0.83
DHV22_3v0dB1_ali_3v0fA2_aF0  7.21 1.75 6.81 1.07   0.79 0.76
DHV22_3v0dB1_ali_3v0gB1_aF0  2.24 1.35 1.03 0.61   0.67 0.40
DHV22_3v0dB1_ali_3v0hB3_aF0  8.43 1.80 8.61 1.09   0.86 0.79
DHV22_3v0fA2_ali_3v0dB1_aF0  7.21 1.58 6.81 1.01   0.81 0.78
DHV22_3v0fA2_ali_3v0gB1_aF0  7.96 1.75 7.17 0.97   0.76 0.78
DHV22_3v0fA2_ali_3v0hB3_aF0  9.39 2.21 8.70 1.38   0.86 0.76
DHV22_3v0gB1_ali_3v0dB1_aF0  2.24 1.63 1.03 0.60   0.64 0.27
DHV22_3v0gB1_ali_3v0fA2_aF0  7.96 2.07 7.17 1.12   0.75 0.74
DHV22_3v0gB1_ali_3v0hB3_aF0  8.40 2.05 8.43 1.46   0.84 0.76
DHV22_3v0hB3_ali_3v0dB1_aF0  8.43 2.15 8.61 1.33   0.84 0.74
DHV22_3v0hB3_ali_3v0fA2_aF0  9.39 2.30 8.70 1.28   0.87 0.75
DHV22_3v0hB3_ali_3v0gB1_aF0  8.40 1.67 8.43 0.96   0.84 0.80
DHV23_4mxrB1_ali_4myfA2_aF0  3.00 1.05 2.87 0.52   0.85 0.65
DHV23_4mxrB1_ali_4mykA2_aF0  3.58 1.44 2.84 0.68   0.86 0.60
DHV23_4mxrB1_ali_4mylA2_aF0  3.33 1.14 2.82 0.70   0.83 0.66
DHV23_4myfA2_ali_4mxrB1_aF0  3.00 1.13 2.87 0.64   0.87 0.62
DHV23_4mykA2_ali_4mxrB1_aF0  3.58 1.37 2.84 0.67   0.88 0.62
DHV23_4mylA2_ali_4mxrB1_aF0  3.33 1.30 2.82 0.73   0.87 0.61
DHV24_2ce2X1_ali_2cl0X2_aF0  2.96 0.96 1.71 0.54   0.52 0.67
DHV24_2ce2X1_ali_2cl6X3_aF0  3.84 1.39 2.44 0.85   0.57 0.64
DHV24_2ce2X1_ali_2cl7X4_aF0  2.94 1.33 1.72 0.76   0.43 0.55
DHV24_2ce2X1_ali_2clcX4_aF0  2.93 1.36 1.63 0.78   0.41 0.54
DHV24_2ce2X1_ali_2evwX4_aF0  2.92 1.14 1.61 0.70   0.46 0.61
DHV24_2cl0X2_ali_2ce2X1_aF0  2.96 0.95 1.71 0.54   0.54 0.68
DHV24_2cl0X2_ali_2cl6X3_aF0  3.64 1.13 2.33 0.46   0.64 0.69
DHV24_2cl0X2_ali_2cl7X4_aF0  2.23 1.33 1.50 0.62   0.71 0.40
DHV24_2cl0X2_ali_2clcX4_aF0  2.16 1.42 1.35 0.67   0.68 0.34
DHV24_2cl0X2_ali_2evwX4_aF0  2.02 1.29 1.12 0.57   0.69 0.36
DHV24_2cl6X3_ali_2ce2X1_aF0  3.84 1.30 2.44 0.76   0.59 0.66
DHV24_2cl6X3_ali_2cl0X2_aF0  3.64 1.11 2.33 0.53   0.71 0.69
DHV24_2cl6X3_ali_2cl7X4_aF0  3.35 1.21 1.95 0.46   0.63 0.64
DHV24_2cl6X3_ali_2clcX4_aF0  3.49 1.21 2.00 0.52   0.66 0.65
DHV24_2cl6X3_ali_2evwX4_aF0  3.45 1.29 2.08 0.57   0.63 0.63
DHV24_2cl7X4_ali_2ce2X1_aF0  2.94 1.24 1.72 0.69   0.45 0.58
DHV24_2cl7X4_ali_2cl0X2_aF0  2.23 1.26 1.50 0.58   0.69 0.44
DHV24_2cl7X4_ali_2cl6X3_aF0  3.35 1.18 1.95 0.47   0.56 0.65
DHV24_2clcX4_ali_2ce2X1_aF0  2.93 1.28 1.63 0.67   0.43 0.56
DHV24_2clcX4_ali_2cl0X2_aF0  2.16 1.31 1.35 0.58   0.64 0.39
DHV24_2clcX4_ali_2cl6X3_aF0  3.49 1.23 2.00 0.50   0.62 0.65
DHV24_2evwX4_ali_2ce2X1_aF0  2.92 1.05 1.61 0.60   0.50 0.64
DHV24_2evwX4_ali_2cl0X2_aF0  2.02 1.24 1.12 0.41   0.63 0.39
DHV24_2evwX4_ali_2cl6X3_aF0  3.45 1.20 2.08 0.42   0.50 0.65
DHV25_1gqyB1_ali_1p31B2_aF0  10.47 1.69 9.52 0.86   0.84 0.84
DHV25_1gqyB1_ali_1p3dA2_aF0  10.50 1.69 9.56 0.81   0.84 0.84
DHV25_1p31B2_ali_1gqyB1_aF0  10.47 2.03 9.52 1.01   0.77 0.81
DHV25_1p3dA2_ali_1gqyB1_aF0  10.50 2.09 9.56 1.13   0.77 0.80
DHV26_2rbtX1_ali_2rbuX2_aF0  4.40 0.72 5.24 0.50   0.81 0.84
DHV26_2rbtX1_ali_2rbwX3_aF0  3.04 0.98 3.49 0.66   0.64 0.68
DHV26_2rbtX1_ali_2rc2X3_aF0  3.05 0.98 3.52 0.63   0.64 0.68
DHV26_2rbuX2_ali_2rbtX1_aF0  4.40 0.66 5.24 0.47   0.75 0.85
DHV26_2rbuX2_ali_2rbvX1_aF0  4.38 0.65 5.22 0.47   0.75 0.85
DHV26_2rbuX2_ali_2rbwX3_aF0  2.35 0.57 2.47 0.36   0.84 0.76
DHV26_2rbuX2_ali_2rbxX1_aF0  4.45 0.69 5.31 0.52   0.74 0.85
DHV26_2rbuX2_ali_2rbyX1_aF0  4.43 0.66 5.28 0.48   0.75 0.85
DHV26_2rbuX2_ali_2rbzX1_aF0  4.47 0.68 5.33 0.51   0.75 0.85
DHV26_2rbuX2_ali_2rc0X1_aF0  4.47 0.75 5.32 0.51   0.74 0.83
DHV26_2rbuX2_ali_2rc2X3_aF0  2.31 0.56 2.43 0.37   0.85 0.76
DHV26_2rbvX1_ali_2rbuX2_aF0  4.38 0.73 5.22 0.50   0.81 0.83
DHV26_2rbvX1_ali_2rbwX3_aF0  3.03 0.97 3.48 0.65   0.63 0.68
DHV26_2rbvX1_ali_2rc2X3_aF0  3.04 0.97 3.51 0.62   0.64 0.68
DHV26_2rbwX3_ali_2rbtX1_aF0  3.04 0.73 3.49 0.49   0.65 0.76
DHV26_2rbwX3_ali_2rbuX2_aF0  2.35 0.73 2.47 0.57   0.88 0.69
DHV26_2rbwX3_ali_2rbvX1_aF0  3.03 0.63 3.48 0.47   0.65 0.79
DHV26_2rbwX3_ali_2rbxX1_aF0  3.11 0.63 3.60 0.48   0.65 0.80
DHV26_2rbwX3_ali_2rbyX1_aF0  3.07 0.63 3.54 0.47   0.65 0.80
DHV26_2rbwX3_ali_2rbzX1_aF0  3.10 0.63 3.60 0.47   0.66 0.80
DHV26_2rbwX3_ali_2rc0X1_aF0  3.09 0.63 3.59 0.50   0.66 0.79
DHV26_2rbxX1_ali_2rbuX2_aF0  4.45 0.73 5.31 0.54   0.81 0.84
DHV26_2rbxX1_ali_2rbwX3_aF0  3.11 0.98 3.60 0.67   0.63 0.69
DHV26_2rbxX1_ali_2rc2X3_aF0  3.12 0.97 3.63 0.65   0.63 0.69
DHV26_2rbyX1_ali_2rbuX2_aF0  4.43 0.73 5.28 0.51   0.81 0.84
DHV26_2rbyX1_ali_2rbwX3_aF0  3.07 0.98 3.54 0.66   0.63 0.68
DHV26_2rbyX1_ali_2rc2X3_aF0  3.08 0.98 3.56 0.64   0.63 0.68
DHV26_2rbzX1_ali_2rbuX2_aF0  4.47 0.73 5.33 0.51   0.82 0.84
DHV26_2rbzX1_ali_2rbwX3_aF0  3.10 0.97 3.60 0.65   0.64 0.69
DHV26_2rbzX1_ali_2rc2X3_aF0  3.12 0.96 3.63 0.63   0.64 0.69
DHV26_2rc0X1_ali_2rbuX2_aF0  4.47 1.12 5.32 0.81   0.81 0.75
DHV26_2rc0X1_ali_2rbwX3_aF0  3.09 0.97 3.59 0.67   0.64 0.69
DHV26_2rc0X1_ali_2rc2X3_aF0  3.10 0.96 3.62 0.65   0.65 0.69
DHV26_2rc2X3_ali_2rbtX1_aF0  3.05 0.63 3.52 0.47   0.66 0.79
DHV26_2rc2X3_ali_2rbuX2_aF0  2.31 0.70 2.43 0.55   0.87 0.70
DHV26_2rc2X3_ali_2rbvX1_aF0  3.04 0.63 3.51 0.47   0.65 0.79
DHV26_2rc2X3_ali_2rbxX1_aF0  3.12 0.62 3.63 0.49   0.65 0.80
DHV26_2rc2X3_ali_2rbyX1_aF0  3.08 0.62 3.56 0.47   0.65 0.80
DHV26_2rc2X3_ali_2rbzX1_aF0  3.12 0.62 3.63 0.48   0.66 0.80
DHV26_2rc2X3_ali_2rc0X1_aF0  3.10 0.63 3.62 0.51   0.66 0.80
DHV27_5ktaA1_ali_5ktcA2_aF0  8.44 1.57 7.52 1.18   0.83 0.81
DHV27_5ktaA1_ali_5ktdA2_aF0  8.42 1.51 7.50 1.10   0.83 0.82
DHV27_5ktcA2_ali_5ktaA1_aF0  8.44 1.36 7.52 0.94   0.84 0.84
DHV27_5ktdA2_ali_5ktaA1_aF0  8.42 1.34 7.50 0.91   0.84 0.84
DHV28_2yjdB2_ali_3omqA2_aF0  2.75 1.32 2.19 0.64   0.79 0.52
DHV28_3omqA2_ali_2yjdB2_aF0  2.75 1.30 2.19 0.62   0.76 0.53
DHV29_3illA1_ali_3iloA2_aF0  7.94 2.05 4.82 1.36   0.75 0.74
DHV29_3iloA2_ali_3illA1_aF0  7.94 1.92 4.82 1.03   0.76 0.76
DHV30_2xguA1_ali_2xgyA2_aF0  7.36 1.02 7.46 0.60   0.95 0.86
DHV30_2xgyA2_ali_2xguA1_aF0  7.36 1.16 7.46 0.83   0.94 0.84
