# Morphing          RmsdI RmsdF  RmsdINCAC  RmsdFNCAC  N_res N_dh  RmsdD delta0 Motion RmsdA0 RmsdA
DHV01_3iu1B1_ali_3iu2A2_aF2  4.28 1.56 3.34 0.55 10 19 0.64 0.63    0.20 0.09
DHV01_3iu1B1_ali_3iweA2_aF2  4.39 1.54 3.52 0.60 10 19 0.67 0.65    0.19 0.13
DHV01_3iu1B1_ali_3jtkA2_aF2  4.47 1.60 3.57 0.59 10 19 0.67 0.64    0.27 0.14
DHV01_3iu2A2_ali_3iu1B1_aF2  4.28 1.53 3.33 0.73 10 19 0.67 0.64    0.20 0.09
DHV01_3iweA2_ali_3iu1B1_aF2  4.39 1.59 3.52 0.90 10 19 0.68 0.64    0.19 0.13
DHV01_3jtkA2_ali_3iu1B1_aF2  4.47 1.62 3.57 0.86 10 19 0.68 0.64    0.27 0.14
DHV02_4hidA1_ali_4hj7A2_aF2  3.46 1.58 2.36 0.84 10 20 0.64 0.54    0.40 0.23
DHV02_4hikA1_ali_4hj7A2_aF2  3.22 1.51 2.46 0.92 10 20 0.56 0.53    0.46 0.15
DHV02_4himA1_ali_4hj7A2_aF2  3.21 1.52 2.43 0.93 10 20 0.57 0.53    0.44 0.16
DHV02_4hioA1_ali_4hj7A2_aF2  3.62 1.52 2.59 0.88 10 20 0.67 0.58    0.36 0.21
DHV02_4hj7A2_ali_4hidA1_aF2  3.46 1.47 2.37 0.66 10 20 0.57 0.57    0.40 0.23
DHV02_4hj7A2_ali_4hikA1_aF2  3.22 1.61 2.46 0.82 10 20 0.44 0.50    0.46 0.15
DHV02_4hj7A2_ali_4himA1_aF2  3.22 1.67 2.44 1.00 10 20 0.43 0.48    0.44 0.17
DHV02_4hj7A2_ali_4hioA1_aF2  3.62 1.41 2.60 0.62 10 20 0.61 0.61    0.36 0.21
DHV02_4hj7A2_ali_4hj9A1_aF2  3.22 1.43 2.39 0.68 10 20 0.50 0.56    0.35 0.14
DHV02_4hj9A1_ali_4hj7A2_aF2  3.21 1.39 2.38 0.83 10 20 0.58 0.57    0.35 0.14
DHV03_4kfrB1_ali_4kfuA2_aF2  7.01 2.28 5.31 1.54 10 20 0.84 0.67    2.07 1.25
DHV03_4kfuA2_ali_4kfrB1_aF2  6.99 1.99 5.29 1.06 10 20 0.80 0.72    2.07 1.25
DHV04_3waeA1_ali_3wafB2_aF2  4.02 1.86 3.13 1.10 10 19 0.79 0.54    0.46 0.21
DHV04_3wafB2_ali_3waeA1_aF2  4.02 1.98 3.12 1.18 10 19 0.79 0.51    0.46 0.21
DHV05_3mp6A1_ali_3mp8A2_aF2  5.45 2.77 5.16 1.85 10 18 0.76 0.49    0.69 0.53
DHV05_3mp8A2_ali_3mp6A1_aF2  5.45 2.12 5.17 1.37 10 18 0.75 0.61    0.69 0.53
DHV06_1xbbA1_ali_4fyoA2_aF2  2.76 1.09 2.21 0.53 11 22 0.82 0.60    1.30 0.89
DHV06_1xbbA1_ali_4i0sA2_aF2  2.86 1.04 2.41 0.50 11 22 0.82 0.64    1.39 0.60
DHV06_1xbbA1_ali_4i0tA2_aF2  3.21 2.34 2.01 1.20 11 22 0.37 0.27    1.13 0.83
DHV06_4fyoA2_ali_1xbbA1_aF2  2.76 1.21 2.21 0.58 11 22 0.84 0.56    1.30 0.89
DHV06_4i0sA2_ali_1xbbA1_aF2  2.86 1.01 2.41 0.39 11 22 0.83 0.65    1.39 0.60
DHV06_4i0sA2_ali_4i0tA2_aF2  3.50 2.10 2.18 1.35 11 22 0.68 0.40    1.09 0.85
DHV06_4i0tA2_ali_1xbbA1_aF2  3.20 2.45 2.01 0.91 11 22 0.76 0.24    1.13 0.83
DHV06_4i0tA2_ali_4i0sA2_aF2  3.50 2.58 2.18 0.68 11 22 0.73 0.26    1.09 0.85
DHV07_3n4fA1_ali_3qpeD2_aF2  5.59 0.94 3.99 0.40 11 22 0.83 0.83    0.44 0.24
DHV07_3n4fA1_ali_3vccA2_aF2  5.64 0.95 4.03 0.41 11 22 0.83 0.83    0.56 0.22
DHV07_3qpeD2_ali_3n4fA1_aF2  5.60 1.04 3.99 0.70 11 22 0.82 0.81    0.44 0.24
DHV07_3vccA2_ali_3n4fA1_aF2  5.63 0.96 4.03 0.58 11 22 0.82 0.83    0.56 0.22
DHV08_2vovA1_ali_2voxA2_aF2  4.35 0.86 3.10 0.49 11 21 0.67 0.80    0.43 0.29
DHV08_2voxA2_ali_2vovA1_aF2  4.36 0.86 3.11 0.52 11 21 0.73 0.80    0.43 0.29
DHV09_2q9fA1_ali_3mdmA2_aF2  9.17 2.61 7.26 2.23 11 21 0.84 0.72    3.02 2.26
DHV09_3mdmA2_ali_2q9fA1_aF2  9.17 3.53 7.26 2.99 11 21 0.79 0.62    3.02 2.26
DHV10_3irsC1_ali_3k4wL2_aF2  5.27 1.38 4.58 0.85 11 22 0.86 0.74    0.77 0.37
DHV10_3k4wL2_ali_3irsC1_aF2  5.25 1.36 4.55 0.78 11 22 0.90 0.74    0.77 0.37
DHV11_3gnoA1_ali_3gnpA1_aF2  5.11 0.96 4.33 0.46 12 24 0.77 0.81    0.19 0.09
DHV11_3gnpA1_ali_3gnoA1_aF2  5.11 1.02 4.33 0.44 12 24 0.76 0.80    0.19 0.09
DHV11_3gnpA1_ali_3gnrA2_aF2  4.98 1.13 4.30 0.46 12 24 0.78 0.77    0.23 0.09
DHV11_3gnrA2_ali_3gnpA1_aF2  4.98 1.07 4.31 0.52 12 24 0.78 0.78    0.23 0.09
DHV12_4fj7A1_ali_4fjnA2_aF2  8.06 2.09 7.08 1.02 12 24 0.92 0.74    0.22 0.16
DHV12_4fj9A1_ali_4fjnA2_aF2  8.13 2.09 7.12 1.03 12 24 0.91 0.74    0.22 0.17
DHV12_4fjjA1_ali_4fjnA2_aF2  8.22 2.06 7.24 1.05 12 24 0.91 0.75    0.23 0.15
DHV12_4fjlA1_ali_4fjnA2_aF2  8.27 1.92 7.11 0.90 12 24 0.92 0.77    0.19 0.13
DHV12_4fjnA2_ali_4fj7A1_aF2  8.06 1.91 7.08 0.93 12 24 0.92 0.76    0.22 0.16
DHV12_4fjnA2_ali_4fj9A1_aF2  8.13 2.04 7.12 1.01 12 24 0.92 0.75    0.22 0.17
DHV12_4fjnA2_ali_4fjjA1_aF2  8.22 1.96 7.24 0.96 12 24 0.92 0.76    0.23 0.15
DHV12_4fjnA2_ali_4fjlA1_aF2  8.27 1.72 7.11 0.90 12 24 0.92 0.79    0.19 0.13
DHV12_4fjnA2_ali_4fk2A1_aF2  8.14 1.97 7.16 0.98 12 24 0.92 0.76    0.23 0.19
DHV12_4fjnA2_ali_4fk4A1_aF2  8.22 1.80 7.08 0.96 12 24 0.93 0.78    0.15 0.12
DHV12_4fjnA2_ali_4m3tA1_aF2  7.89 1.66 7.16 0.93 12 24 0.93 0.79    0.20 0.17
DHV12_4fjnA2_ali_4m3yA1_aF2  8.26 1.91 7.16 0.99 12 24 0.92 0.77    0.11 0.08
DHV12_4fjnA2_ali_4m3zA1_aF2  7.91 1.70 7.21 0.95 12 24 0.93 0.78    0.15 0.13
DHV12_4fjnA2_ali_4m45A1_aF2  8.64 1.91 7.64 1.02 12 24 0.92 0.78    0.15 0.10
DHV12_4fk2A1_ali_4fjnA2_aF2  8.14 2.06 7.16 1.06 12 24 0.91 0.75    0.23 0.19
DHV12_4fk4A1_ali_4fjnA2_aF2  8.22 1.92 7.08 0.97 12 24 0.92 0.77    0.15 0.12
DHV12_4m3tA1_ali_4fjnA2_aF2  7.90 1.77 7.16 1.02 12 24 0.93 0.78    0.20 0.17
DHV12_4m3yA1_ali_4fjnA2_aF2  8.26 2.06 7.15 1.03 12 24 0.92 0.75    0.11 0.08
DHV12_4m3zA1_ali_4fjnA2_aF2  7.91 1.78 7.21 1.03 12 24 0.92 0.78    0.15 0.13
DHV12_4m45A1_ali_4fjnA2_aF2  8.63 1.95 7.63 1.01 12 24 0.93 0.77    0.15 0.10
DHV13_2pa5A1_ali_4iczA2_aF2  3.40 1.12 2.69 0.65 12 22 0.88 0.67    0.79 0.55
DHV13_4ge2A1_ali_4iczA2_aF2  3.74 1.05 2.90 0.58 12 22 0.91 0.72    0.74 0.54
DHV13_4ge6B1_ali_4iczA2_aF2  4.23 1.33 3.32 0.59 12 22 0.91 0.68    0.52 0.37
DHV13_4iczA2_ali_2pa5A1_aF2  3.40 1.12 2.69 0.80 12 22 0.84 0.67    0.79 0.55
DHV13_4iczA2_ali_4ge2A1_aF2  3.73 1.09 2.89 0.71 12 22 0.87 0.71    0.74 0.54
DHV13_4iczA2_ali_4ge6B1_aF2  4.24 1.36 3.33 0.77 12 22 0.87 0.68    0.52 0.37
DHV14_4jhxA1_ali_4kwtC2_aF2  3.24 1.05 2.76 0.37 12 23 0.71 0.68    1.13 0.19
DHV14_4kwtC2_ali_4jhxA1_aF2  3.24 0.94 2.76 0.41 12 23 0.70 0.71    1.13 0.19
DHV15_3agnA1_ali_3agoA2_aF2  7.61 1.60 7.12 1.01 12 22 0.73 0.79    0.40 0.29
DHV15_3agnA1_ali_3ahwA3_aF2  6.89 1.48 5.77 0.98 12 22 0.77 0.78    1.87 1.52
DHV15_3agoA2_ali_3agnA1_aF2  7.61 1.27 7.12 0.69 12 22 0.68 0.83    0.40 0.29
DHV15_3agoA2_ali_3ahwA3_aF2  5.51 2.12 4.87 1.10 12 22 0.70 0.62    1.94 1.61
DHV15_3ahwA3_ali_3agnA1_aF2  6.88 1.39 5.76 0.86 12 22 0.73 0.80    1.87 1.52
DHV15_3ahwA3_ali_3agoA2_aF2  5.52 1.21 4.87 0.96 12 22 0.68 0.78    1.94 1.61
DHV16_1a4uB1_ali_1b16B2_aF2  3.60 1.43 2.42 0.80 13 25 0.57 0.60    0.24 0.14
DHV16_1a4uB1_ali_1sbyB2_aF2  3.59 1.20 2.39 0.51 13 25 0.54 0.67    0.23 0.10
DHV16_1b16B2_ali_1a4uB1_aF2  3.59 1.23 2.41 0.62 13 25 0.57 0.66    0.24 0.14
DHV16_1b16B2_ali_1b2lA3_aF2  4.14 1.47 3.27 0.65 13 25 0.71 0.64    0.27 0.08
DHV16_1b2lA3_ali_1b16B2_aF2  4.15 1.99 3.28 1.13 13 25 0.70 0.52    0.27 0.08
DHV16_1b2lA3_ali_1sbyB2_aF2  3.84 1.23 3.21 0.53 13 25 0.71 0.68    0.33 0.06
DHV16_1sbyB2_ali_1a4uB1_aF2  3.58 1.20 2.39 0.52 13 25 0.53 0.66    0.23 0.10
DHV16_1sbyB2_ali_1b2lA3_aF2  3.83 1.27 3.20 0.48 13 25 0.69 0.67    0.33 0.06
DHV17_3hszA1_ali_3ht0A2_aF2  13.77 2.12 12.42 1.47 13 25 0.84 0.85    0.95 0.76
DHV17_3ht0A2_ali_3hszA1_aF2  13.78 2.18 12.43 1.22 13 25 0.84 0.84    0.95 0.76
DHV18_3m7wD1_ali_4guiB2_aF2  4.58 0.81 3.69 0.41 13 25 0.77 0.82    0.75 0.14
DHV18_3m7wD1_ali_4gujB2_aF2  4.65 0.81 3.78 0.39 13 25 0.78 0.83    0.76 0.16
DHV18_3oexB1_ali_4guiB2_aF2  4.91 0.87 3.88 0.43 13 25 0.75 0.82    0.56 0.14
DHV18_3oexB1_ali_4gujB2_aF2  4.98 0.92 4.00 0.44 13 25 0.76 0.81    0.54 0.11
DHV18_4gfsA1_ali_4guiB2_aF2  4.70 0.69 3.87 0.35 13 25 0.83 0.85    0.91 0.70
DHV18_4gfsA1_ali_4gujB2_aF2  4.83 0.94 3.98 0.43 13 25 0.82 0.81    0.92 0.71
DHV18_4guiB2_ali_3m7wD1_aF2  4.58 0.83 3.69 0.33 13 25 0.76 0.82    0.75 0.14
DHV18_4guiB2_ali_3oexB1_aF2  4.91 0.89 3.88 0.39 13 25 0.75 0.82    0.56 0.14
DHV18_4guiB2_ali_4gfsA1_aF2  4.69 0.69 3.86 0.32 13 25 0.82 0.85    0.91 0.70
DHV18_4gujB2_ali_3m7wD1_aF2  4.64 0.81 3.78 0.35 13 25 0.80 0.82    0.76 0.16
DHV18_4gujB2_ali_3oexB1_aF2  4.97 0.93 3.99 0.38 13 25 0.79 0.81    0.54 0.11
DHV18_4gujB2_ali_4gfsA1_aF2  4.83 0.94 3.97 0.43 13 25 0.83 0.80    0.92 0.71
DHV19_1dg3A1_ali_1f5nA2_aF2  5.43 2.26 4.40 1.52 13 26 0.79 0.58    1.20 0.86
DHV19_1f5nA2_ali_1dg3A1_aF2  5.44 2.18 4.41 1.10 13 26 0.80 0.60    1.20 0.86
DHV20_3phgA1_ali_3phhA2_aF2  3.90 1.24 3.33 0.65 13 25 0.75 0.68    0.53 0.29
DHV20_3phhA2_ali_3phgA1_aF2  3.89 0.80 3.32 0.29 13 25 0.64 0.79    0.53 0.29
DHV21_3d05A1_ali_3d06A2_aF2  5.46 0.90 4.35 0.49 14 27 0.68 0.84    0.15 0.10
DHV21_3d06A2_ali_3d05A1_aF2  5.46 0.91 4.35 0.48 14 27 0.69 0.83    0.15 0.10
DHV22_3v0dB1_ali_3v0fA2_aF2  7.16 1.74 6.75 1.10 14 28 0.79 0.76    0.19 0.10
DHV22_3v0dB1_ali_3v0hB3_aF2  8.59 1.78 8.79 1.10 14 28 0.87 0.79    0.40 0.24
DHV22_3v0fA2_ali_3v0dB1_aF2  7.17 1.57 6.76 0.99 14 28 0.81 0.78    0.19 0.10
DHV22_3v0fA2_ali_3v0gB1_aF2  7.96 1.75 7.18 0.97 14 28 0.77 0.78    0.34 0.23
DHV22_3v0fA2_ali_3v0hB3_aF2  9.44 2.16 8.77 1.31 14 28 0.87 0.77    0.38 0.27
DHV22_3v0gB1_ali_3v0fA2_aF2  7.96 2.05 7.18 1.09 14 28 0.75 0.74    0.34 0.23
DHV22_3v0gB1_ali_3v0hB3_aF2  8.58 2.33 8.62 1.26 14 28 0.85 0.73    0.29 0.14
DHV22_3v0hB3_ali_3v0dB1_aF2  8.59 2.06 8.80 1.23 14 28 0.85 0.76    0.40 0.24
DHV22_3v0hB3_ali_3v0fA2_aF2  9.46 2.20 8.80 1.18 14 28 0.87 0.77    0.38 0.27
DHV22_3v0hB3_ali_3v0gB1_aF2  8.58 1.64 8.62 0.90 14 28 0.85 0.81    0.29 0.14
DHV23_4mxrB1_ali_4myfA2_aF2  2.86 1.03 2.63 0.51 14 27 0.85 0.64    0.72 0.62
DHV23_4mxrB1_ali_4mykA2_aF2  3.88 1.40 3.06 0.62 14 27 0.87 0.64    0.90 0.80
DHV23_4mxrB1_ali_4mylA2_aF2  3.46 1.18 2.90 0.64 14 27 0.85 0.66    0.82 0.69
DHV23_4myfA2_ali_4mxrB1_aF2  2.84 1.12 2.61 0.60 14 27 0.87 0.61    0.72 0.62
DHV23_4mykA2_ali_4mxrB1_aF2  3.86 1.41 3.05 0.71 14 27 0.88 0.64    0.90 0.80
DHV23_4mylA2_ali_4mxrB1_aF2  3.45 1.32 2.89 0.73 14 27 0.88 0.62    0.82 0.69
DHV24_2ce2X1_ali_2cl6X3_aF2  3.94 1.44 2.73 0.88 14 27 0.62 0.63    2.38 1.78
DHV24_2ce2X1_ali_2cl7X4_aF2  3.11 1.52 2.16 0.94 14 27 0.51 0.51    2.50 1.91
DHV24_2ce2X1_ali_2clcX4_aF2  3.11 1.57 2.09 1.00 14 27 0.50 0.50    2.47 1.88
DHV24_2cl0X2_ali_2cl6X3_aF2  3.83 1.16 2.62 0.41 14 27 0.68 0.70    0.88 0.84
DHV24_2cl6X3_ali_2ce2X1_aF2  3.94 1.27 2.72 0.66 14 27 0.62 0.68    2.38 1.78
DHV24_2cl6X3_ali_2cl0X2_aF2  3.83 1.11 2.62 0.48 14 27 0.74 0.71    0.88 0.84
DHV24_2cl6X3_ali_2cl7X4_aF2  3.55 1.24 2.21 0.53 14 27 0.68 0.65    0.52 0.41
DHV24_2cl6X3_ali_2clcX4_aF2  3.67 1.24 2.25 0.54 14 27 0.70 0.66    0.54 0.38
DHV24_2cl6X3_ali_2evwX4_aF2  3.54 1.35 2.22 0.69 14 27 0.65 0.62    0.37 0.30
DHV24_2cl7X4_ali_2ce2X1_aF2  3.11 1.35 2.15 0.71 14 27 0.50 0.56    2.50 1.91
DHV24_2cl7X4_ali_2cl6X3_aF2  3.55 1.22 2.22 0.54 14 27 0.62 0.66    0.52 0.41
DHV24_2clcX4_ali_2ce2X1_aF2  3.11 1.44 2.08 0.72 14 27 0.46 0.54    2.47 1.88
DHV24_2clcX4_ali_2cl6X3_aF2  3.68 1.21 2.26 0.51 14 27 0.67 0.67    0.54 0.38
DHV24_2evwX4_ali_2cl6X3_aF2  3.54 1.19 2.22 0.44 14 27 0.54 0.66    0.37 0.30
DHV25_1gqyB1_ali_1p31B2_aF2  10.96 2.04 10.04 1.59 14 27 0.85 0.81    1.17 1.05
DHV25_1gqyB1_ali_1p3dA2_aF2  10.95 2.01 10.02 1.58 14 27 0.85 0.82    1.16 1.08
DHV25_1p31B2_ali_1gqyB1_aF2  10.95 2.02 10.03 1.60 14 27 0.78 0.82    1.17 1.05
DHV25_1p3dA2_ali_1gqyB1_aF2  10.95 2.00 10.01 1.57 14 27 0.78 0.82    1.16 1.08
DHV26_2rbtX1_ali_2rbuX2_aF2  4.40 0.73 5.24 0.48 15 29 0.81 0.83    0.15 0.13
DHV26_2rbtX1_ali_2rbwX3_aF2  3.24 0.98 3.71 0.67 15 29 0.69 0.70    0.87 0.76
DHV26_2rbtX1_ali_2rc2X3_aF2  3.12 0.98 3.59 0.63 15 29 0.66 0.69    0.49 0.38
DHV26_2rbuX2_ali_2rbtX1_aF2  4.39 0.66 5.23 0.47 15 29 0.75 0.85    0.15 0.13
DHV26_2rbuX2_ali_2rbvX1_aF2  4.38 0.65 5.21 0.47 15 29 0.75 0.85    0.32 0.32
DHV26_2rbuX2_ali_2rbwX3_aF2  2.70 0.55 2.92 0.40 15 29 0.87 0.80    0.85 0.75
DHV26_2rbuX2_ali_2rbxX1_aF2  4.47 0.69 5.33 0.52 15 29 0.75 0.85    0.16 0.12
DHV26_2rbuX2_ali_2rbyX1_aF2  4.42 0.66 5.27 0.48 15 29 0.75 0.85    0.18 0.15
DHV26_2rbuX2_ali_2rbzX1_aF2  4.49 0.68 5.36 0.50 15 29 0.75 0.85    0.18 0.13
DHV26_2rbuX2_ali_2rc0X1_aF2  4.47 0.69 5.32 0.51 15 29 0.74 0.84    0.15 0.10
DHV26_2rbuX2_ali_2rc2X3_aF2  2.54 0.55 2.74 0.40 15 29 0.87 0.78    0.52 0.39
DHV26_2rbvX1_ali_2rbuX2_aF2  4.38 0.73 5.22 0.50 15 29 0.81 0.83    0.32 0.32
DHV26_2rbvX1_ali_2rbwX3_aF2  3.16 0.97 3.63 0.65 15 29 0.67 0.69    0.78 0.70
DHV26_2rbvX1_ali_2rc2X3_aF2  3.07 0.97 3.53 0.62 15 29 0.65 0.68    0.59 0.54
DHV26_2rbwX3_ali_2rbtX1_aF2  3.23 0.75 3.71 0.54 15 29 0.71 0.77    0.87 0.76
DHV26_2rbwX3_ali_2rbuX2_aF2  2.71 0.72 2.94 0.56 15 29 0.91 0.74    0.85 0.75
DHV26_2rbwX3_ali_2rbvX1_aF2  3.16 0.64 3.63 0.49 15 29 0.69 0.80    0.78 0.70
DHV26_2rbwX3_ali_2rbxX1_aF2  3.30 0.65 3.83 0.52 15 29 0.70 0.80    0.86 0.75
DHV26_2rbwX3_ali_2rbyX1_aF2  3.29 0.67 3.78 0.53 15 29 0.71 0.80    0.86 0.74
DHV26_2rbwX3_ali_2rbzX1_aF2  3.28 0.65 3.81 0.50 15 29 0.70 0.80    0.82 0.72
DHV26_2rbwX3_ali_2rc0X1_aF2  3.30 0.67 3.83 0.55 15 29 0.71 0.80    0.86 0.75
DHV26_2rbxX1_ali_2rbuX2_aF2  4.47 1.29 5.34 0.96 15 29 0.81 0.71    0.16 0.12
DHV26_2rbxX1_ali_2rbwX3_aF2  3.30 0.98 3.82 0.67 15 29 0.68 0.70    0.86 0.75
DHV26_2rbxX1_ali_2rc2X3_aF2  3.20 0.97 3.71 0.65 15 29 0.66 0.70    0.48 0.37
DHV26_2rbyX1_ali_2rbuX2_aF2  4.43 0.74 5.28 0.51 15 29 0.81 0.83    0.18 0.15
DHV26_2rbyX1_ali_2rbwX3_aF2  3.29 0.99 3.78 0.68 15 29 0.69 0.70    0.86 0.74
DHV26_2rbyX1_ali_2rc2X3_aF2  3.17 0.97 3.65 0.63 15 29 0.66 0.69    0.48 0.37
DHV26_2rbzX1_ali_2rbuX2_aF2  4.50 0.75 5.38 0.53 15 29 0.82 0.83    0.18 0.13
DHV26_2rbzX1_ali_2rbwX3_aF2  3.28 0.97 3.80 0.66 15 29 0.69 0.70    0.82 0.72
DHV26_2rbzX1_ali_2rc2X3_aF2  3.18 0.96 3.70 0.62 15 29 0.67 0.70    0.40 0.29
DHV26_2rc0X1_ali_2rbuX2_aF2  4.48 0.76 5.33 0.50 15 29 0.81 0.83    0.15 0.10
DHV26_2rc0X1_ali_2rbwX3_aF2  3.29 0.98 3.83 0.69 15 29 0.70 0.70    0.86 0.75
DHV26_2rc0X1_ali_2rc2X3_aF2  3.18 0.97 3.71 0.65 15 29 0.67 0.70    0.46 0.35
DHV26_2rc2X3_ali_2rbtX1_aF2  3.12 0.63 3.59 0.48 15 29 0.68 0.80    0.49 0.38
DHV26_2rc2X3_ali_2rbuX2_aF2  2.54 0.70 2.75 0.53 15 29 0.90 0.73    0.52 0.39
DHV26_2rc2X3_ali_2rbvX1_aF2  3.06 0.63 3.52 0.48 15 29 0.66 0.80    0.59 0.54
DHV26_2rc2X3_ali_2rbxX1_aF2  3.20 0.63 3.72 0.49 15 29 0.67 0.80    0.48 0.37
DHV26_2rc2X3_ali_2rbyX1_aF2  3.16 0.63 3.65 0.49 15 29 0.68 0.80    0.48 0.37
DHV26_2rc2X3_ali_2rbzX1_aF2  3.18 0.63 3.70 0.47 15 29 0.68 0.80    0.40 0.29
DHV26_2rc2X3_ali_2rc0X1_aF2  3.18 0.64 3.71 0.52 15 29 0.68 0.80    0.46 0.35
DHV27_5ktaA1_ali_5ktcA2_aF2  8.85 1.55 7.88 1.08 15 30 0.85 0.82    0.70 0.44
DHV27_5ktaA1_ali_5ktdA2_aF2  8.77 1.54 7.81 1.09 15 30 0.84 0.82    0.67 0.44
DHV27_5ktcA2_ali_5ktaA1_aF2  8.86 1.28 7.89 0.83 15 30 0.86 0.86    0.70 0.44
DHV27_5ktdA2_ali_5ktaA1_aF2  8.78 1.26 7.81 0.77 15 30 0.85 0.86    0.67 0.44
DHV28_2yjdB2_ali_3omqA2_aF2  3.28 1.32 2.76 0.63 15 26 0.86 0.60    0.83 0.75
DHV28_3omqA2_ali_2yjdB2_aF2  3.26 1.29 2.73 0.57 15 26 0.84 0.61    0.83 0.75
DHV29_3illA1_ali_3iloA2_aF2  8.14 2.11 5.05 1.46 15 29 0.75 0.74    0.78 0.69
DHV29_3iloA2_ali_3illA1_aF2  8.15 2.08 5.05 1.10 15 29 0.76 0.74    0.78 0.69
DHV30_2xguA1_ali_2xgyA2_aF2  11.41 1.89 11.74 1.49 15 24 0.93 0.83    1.49 0.95
DHV30_2xgyA2_ali_2xguA1_aF2  11.42 2.54 11.75 2.09 15 24 0.91 0.78    1.49 0.95
