# Morphing          RmsdI RmsdF  RmsdINCAC  RmsdFNCAC  N_res N_dh  RmsdD delta0 Motion RmsdA0 RmsdA
DHV01_3iu1B1_ali_3iu2A2_aF2x  4.28 0.98 3.34 0.44 10 28 0.70 0.77    0.20 0.09
DHV01_3iu1B1_ali_3iweA2_aF2x  4.39 0.84 3.52 0.48 10 28 0.73 0.81    0.19 0.13
DHV01_3iu1B1_ali_3jtkA2_aF2x  4.46 1.05 3.57 0.50 10 28 0.72 0.76    0.27 0.14
DHV01_3iu2A2_ali_3iu1B1_aF2x  4.28 1.02 3.34 0.56 10 28 0.78 0.76    0.20 0.09
DHV01_3iweA2_ali_3iu1B1_aF2x  4.39 0.99 3.53 0.76 10 28 0.79 0.77    0.19 0.13
DHV01_3jtkA2_ali_3iu1B1_aF2x  4.47 1.10 3.58 0.70 10 28 0.79 0.75    0.27 0.14
DHV02_4hidA1_ali_4hj7A2_aF2x  3.45 0.81 2.36 0.45 10 28 0.67 0.77    0.40 0.23
DHV02_4hikA1_ali_4hj7A2_aF2x  3.22 1.11 2.45 0.65 10 28 0.63 0.65    0.46 0.15
DHV02_4himA1_ali_4hj7A2_aF2x  3.21 1.15 2.43 0.70 10 28 0.63 0.64    0.44 0.16
DHV02_4hioA1_ali_4hj7A2_aF2x  3.62 0.87 2.59 0.45 10 28 0.70 0.76    0.36 0.21
DHV02_4hj7A2_ali_4hidA1_aF2x  3.45 0.79 2.36 0.40 10 28 0.66 0.77    0.40 0.23
DHV02_4hj7A2_ali_4hikA1_aF2x  3.22 0.73 2.46 0.36 10 28 0.62 0.77    0.46 0.15
DHV02_4hj7A2_ali_4himA1_aF2x  3.22 0.75 2.44 0.39 10 28 0.61 0.77    0.44 0.17
DHV02_4hj7A2_ali_4hioA1_aF2x  3.62 0.75 2.60 0.30 10 28 0.71 0.79    0.36 0.21
DHV02_4hj7A2_ali_4hj9A1_aF2x  3.22 0.63 2.39 0.27 10 28 0.64 0.80    0.35 0.14
DHV02_4hj9A1_ali_4hj7A2_aF2x  3.22 0.77 2.39 0.31 10 28 0.65 0.76    0.35 0.14
DHV03_4kfrB1_ali_4kfuA2_aF2x  7.01 1.44 5.31 1.31 10 29 0.86 0.79    2.07 1.25
DHV03_4kfuA2_ali_4kfrB1_aF2x  7.01 1.24 5.31 0.94 10 29 0.85 0.82    2.07 1.25
DHV04_3waeA1_ali_3wafB2_aF2x  4.02 0.80 3.13 0.38 10 26 0.81 0.80    0.46 0.21
DHV04_3wafB2_ali_3waeA1_aF2x  4.02 1.37 3.13 0.75 10 26 0.83 0.66    0.46 0.21
DHV05_3mp6A1_ali_3mp8A2_aF2x  5.45 2.16 5.16 1.68 10 24 0.79 0.60    0.69 0.53
DHV05_3mp8A2_ali_3mp6A1_aF2x  5.45 1.44 5.17 0.86 10 24 0.78 0.74    0.69 0.53
DHV06_1xbbA1_ali_4fyoA2_aF2x  2.76 0.93 2.22 0.49 11 30 0.86 0.66    1.30 0.89
DHV06_1xbbA1_ali_4i0sA2_aF2x  2.86 0.64 2.41 0.48 11 30 0.86 0.78    1.39 0.60
DHV06_1xbbA1_ali_4i0tA2_aF2x  3.20 1.19 2.02 0.96 11 30 0.69 0.63    1.13 0.83
DHV06_4fyoA2_ali_1xbbA1_aF2x  2.75 0.86 2.21 0.62 11 30 0.85 0.69    1.30 0.89
DHV06_4fyoA2_ali_4i0tA2_aF2x  2.95 1.08 1.69 0.88 11 30 0.76 0.63    0.66 0.49
DHV06_4i0sA2_ali_1xbbA1_aF2x  2.86 0.75 2.41 0.52 11 30 0.87 0.74    1.39 0.60
DHV06_4i0sA2_ali_4i0tA2_aF2x  3.50 1.22 2.18 1.11 11 30 0.70 0.65    1.09 0.85
DHV06_4i0tA2_ali_1xbbA1_aF2x  3.20 1.35 2.01 1.03 11 30 0.78 0.58    1.13 0.83
DHV06_4i0tA2_ali_4fyoA2_aF2x  2.94 1.30 1.69 0.85 11 30 0.76 0.56    0.66 0.49
DHV06_4i0tA2_ali_4i0sA2_aF2x  3.50 1.48 2.18 1.40 11 30 0.75 0.58    1.09 0.85
DHV07_3n4fA1_ali_3qpeD2_aF2x  5.59 0.60 3.99 0.40 11 29 0.83 0.89    0.44 0.24
DHV07_3n4fA1_ali_3vccA2_aF2x  5.63 0.60 4.03 0.43 11 29 0.84 0.89    0.56 0.22
DHV07_3qpeD2_ali_3n4fA1_aF2x  5.60 0.85 3.99 0.75 11 29 0.84 0.85    0.44 0.24
DHV07_3vccA2_ali_3n4fA1_aF2x  5.63 0.85 4.02 0.75 11 29 0.83 0.85    0.56 0.22
DHV08_2vovA1_ali_2voxA2_aF2x  4.36 0.51 3.11 0.39 11 28 0.68 0.88    0.43 0.29
DHV08_2voxA2_ali_2vovA1_aF2x  4.36 0.49 3.11 0.39 11 28 0.74 0.89    0.43 0.29
DHV09_2q9fA1_ali_3mdmA2_aF2x  9.17 2.38 7.26 2.24 11 29 0.85 0.74    3.02 2.26
DHV09_3mdmA2_ali_2q9fA1_aF2x  9.17 3.35 7.26 3.00 11 29 0.79 0.64    3.02 2.26
DHV10_3irsC1_ali_3k4wL2_aF2x  5.27 1.16 4.58 0.78 11 31 0.87 0.78    0.77 0.37
DHV10_3k4wL2_ali_3irsC1_aF2x  5.24 1.19 4.54 0.86 11 31 0.90 0.77    0.77 0.37
DHV11_3gnoA1_ali_3gnpA1_aF2x  5.11 0.63 4.32 0.27 12 35 0.78 0.88    0.19 0.09
DHV11_3gnpA1_ali_3gnoA1_aF2x  5.11 0.68 4.33 0.34 12 35 0.79 0.87    0.19 0.09
DHV11_3gnpA1_ali_3gnrA2_aF2x  4.98 0.70 4.30 0.37 12 35 0.81 0.86    0.23 0.09
DHV11_3gnrA2_ali_3gnpA1_aF2x  4.98 0.68 4.31 0.39 12 35 0.80 0.86    0.23 0.09
DHV12_4fj7A1_ali_4fjnA2_aF2x  8.06 1.27 7.08 0.85 12 35 0.93 0.84    0.22 0.16
DHV12_4fj9A1_ali_4fjnA2_aF2x  8.13 1.29 7.13 0.86 12 35 0.92 0.84    0.22 0.17
DHV12_4fjjA1_ali_4fjnA2_aF2x  8.23 1.20 7.25 0.85 12 35 0.92 0.85    0.23 0.15
DHV12_4fjlA1_ali_4fjnA2_aF2x  8.27 1.06 7.11 0.76 12 35 0.93 0.87    0.19 0.13
DHV12_4fjnA2_ali_4fj7A1_aF2x  8.05 1.16 7.08 0.71 12 35 0.93 0.86    0.22 0.16
DHV12_4fjnA2_ali_4fj9A1_aF2x  8.12 1.14 7.12 0.70 12 35 0.93 0.86    0.22 0.17
DHV12_4fjnA2_ali_4fjjA1_aF2x  8.22 1.05 7.23 0.70 12 35 0.93 0.87    0.23 0.15
DHV12_4fjnA2_ali_4fjlA1_aF2x  8.27 1.13 7.11 0.69 12 35 0.93 0.86    0.19 0.13
DHV12_4fjnA2_ali_4fk2A1_aF2x  8.13 1.01 7.15 0.71 12 35 0.92 0.88    0.23 0.19
DHV12_4fjnA2_ali_4fk4A1_aF2x  8.21 1.00 7.07 0.68 12 35 0.93 0.88    0.15 0.12
DHV12_4fjnA2_ali_4m3tA1_aF2x  7.89 1.13 7.15 0.69 12 35 0.93 0.86    0.20 0.17
DHV12_4fjnA2_ali_4m3yA1_aF2x  8.25 1.04 7.15 0.68 12 35 0.93 0.87    0.11 0.08
DHV12_4fjnA2_ali_4m3zA1_aF2x  7.90 1.04 7.20 0.70 12 35 0.93 0.87    0.15 0.13
DHV12_4fjnA2_ali_4m45A1_aF2x  8.63 1.06 7.64 0.64 12 35 0.92 0.88    0.15 0.10
DHV12_4fk2A1_ali_4fjnA2_aF2x  8.14 1.21 7.16 0.87 12 35 0.92 0.85    0.23 0.19
DHV12_4fk2A1_ali_4m45A1_aF2x  1.82 0.73 1.04 0.32 12 35 0.72 0.60    0.34 0.25
DHV12_4fk4A1_ali_4fjnA2_aF2x  8.22 1.19 7.08 0.85 12 35 0.92 0.85    0.15 0.12
DHV12_4m3tA1_ali_4fjnA2_aF2x  7.90 1.42 7.16 0.95 12 35 0.93 0.82    0.20 0.17
DHV12_4m3yA1_ali_4fjnA2_aF2x  8.25 1.13 7.15 0.80 12 35 0.92 0.86    0.11 0.08
DHV12_4m3zA1_ali_4fjnA2_aF2x  7.91 1.38 7.22 0.99 12 35 0.94 0.83    0.15 0.13
DHV12_4m45A1_ali_4fjnA2_aF2x  8.63 1.23 7.64 0.81 12 35 0.93 0.86    0.15 0.10
DHV12_4m45A1_ali_4fk2A1_aF2x  1.82 0.79 1.05 0.43 12 35 0.82 0.57    0.34 0.25
DHV12_4m45A1_ali_4fk4A1_aF2x  1.59 0.82 1.03 0.46 12 35 0.79 0.48    0.23 0.17
DHV13_2pa5A1_ali_4ge6B1_aF2x  1.74 0.55 1.64 0.41 12 30 0.94 0.68    0.95 0.56
DHV13_2pa5A1_ali_4iczA2_aF2x  3.41 0.87 2.70 0.60 12 30 0.89 0.74    0.79 0.55
DHV13_4ge2A1_ali_4iczA2_aF2x  3.75 0.82 2.91 0.49 12 30 0.91 0.78    0.74 0.54
DHV13_4ge6B1_ali_2pa5A1_aF2x  1.73 0.60 1.64 0.47 12 30 0.94 0.66    0.95 0.56
DHV13_4ge6B1_ali_4iczA2_aF2x  4.24 0.78 3.33 0.49 12 30 0.92 0.82    0.52 0.37
DHV13_4iczA2_ali_2pa5A1_aF2x  3.41 0.97 2.70 0.82 12 30 0.86 0.72    0.79 0.55
DHV13_4iczA2_ali_4ge2A1_aF2x  3.75 0.90 2.91 0.71 12 30 0.88 0.76    0.74 0.54
DHV13_4iczA2_ali_4ge6B1_aF2x  4.24 0.90 3.33 0.74 12 30 0.90 0.79    0.52 0.37
DHV14_4jhxA1_ali_4kwtC2_aF2x  3.24 0.74 2.77 0.45 12 31 0.74 0.77    1.13 0.19
DHV14_4kwtC2_ali_4jhxA1_aF2x  3.25 0.68 2.77 0.40 12 31 0.74 0.79    1.13 0.19
DHV15_3agnA1_ali_3agoA2_aF2x  7.61 0.91 7.12 0.58 12 30 0.74 0.88    0.40 0.29
DHV15_3agnA1_ali_3ahwA3_aF2x  6.88 0.82 5.77 0.69 12 30 0.78 0.88    1.87 1.52
DHV15_3agoA2_ali_3agnA1_aF2x  7.61 0.82 7.12 0.52 12 30 0.69 0.89    0.40 0.29
DHV15_3agoA2_ali_3ahwA3_aF2x  5.51 0.80 4.87 0.68 12 30 0.72 0.85    1.94 1.61
DHV15_3ahwA3_ali_3agnA1_aF2x  6.88 0.91 5.77 0.72 12 30 0.75 0.87    1.87 1.52
DHV15_3ahwA3_ali_3agoA2_aF2x  5.51 0.79 4.87 0.71 12 30 0.73 0.86    1.94 1.61
DHV16_1a4uB1_ali_1b16B2_aF2x  3.60 0.69 2.42 0.42 13 36 0.62 0.81    0.24 0.14
DHV16_1a4uB1_ali_1b2lA3_aF2x  2.91 0.67 1.85 0.41 13 36 0.63 0.77    0.50 0.12
DHV16_1a4uB1_ali_1sbyB2_aF2x  3.59 0.76 2.39 0.29 13 36 0.59 0.79    0.23 0.10
DHV16_1b16B2_ali_1a4uB1_aF2x  3.59 0.61 2.40 0.32 13 36 0.58 0.83    0.24 0.14
DHV16_1b16B2_ali_1b2lA3_aF2x  4.13 0.79 3.26 0.41 13 36 0.73 0.81    0.27 0.08
DHV16_1b2lA3_ali_1a4uB1_aF2x  2.91 0.63 1.85 0.34 13 36 0.63 0.78    0.50 0.12
DHV16_1b2lA3_ali_1b16B2_aF2x  4.14 0.81 3.28 0.48 13 36 0.74 0.80    0.27 0.08
DHV16_1b2lA3_ali_1sbyB2_aF2x  3.84 0.79 3.21 0.32 13 36 0.77 0.79    0.33 0.06
DHV16_1sbyB2_ali_1a4uB1_aF2x  3.58 0.81 2.39 0.37 13 36 0.55 0.77    0.23 0.10
DHV16_1sbyB2_ali_1b2lA3_aF2x  3.83 0.80 3.19 0.28 13 36 0.76 0.79    0.33 0.06
DHV17_3hszA1_ali_3ht0A2_aF2x  13.74 1.59 12.40 1.09 13 34 0.85 0.88    0.95 0.76
DHV17_3ht0A2_ali_3hszA1_aF2x  13.78 2.38 12.43 1.65 13 34 0.86 0.83    0.95 0.76
DHV18_3m7wD1_ali_4guiB2_aF2x  4.59 0.43 3.70 0.22 13 32 0.86 0.91    0.75 0.14
DHV18_3m7wD1_ali_4gujB2_aF2x  4.65 0.48 3.79 0.29 13 32 0.87 0.90    0.76 0.16
DHV18_3oexB1_ali_4guiB2_aF2x  4.91 0.56 3.89 0.29 13 32 0.85 0.89    0.56 0.14
DHV18_3oexB1_ali_4gujB2_aF2x  4.98 0.62 4.00 0.37 13 32 0.87 0.88    0.54 0.11
DHV18_4gfsA1_ali_4guiB2_aF2x  4.70 0.42 3.87 0.29 13 32 0.87 0.91    0.91 0.70
DHV18_4gfsA1_ali_4gujB2_aF2x  4.83 0.53 3.98 0.37 13 32 0.87 0.89    0.92 0.71
DHV18_4guiB2_ali_3m7wD1_aF2x  4.58 0.99 3.69 0.73 13 32 0.84 0.78    0.75 0.14
DHV18_4guiB2_ali_3oexB1_aF2x  4.91 0.55 3.88 0.30 13 32 0.84 0.89    0.56 0.14
DHV18_4guiB2_ali_4gfsA1_aF2x  4.70 0.94 3.87 0.68 13 32 0.86 0.80    0.91 0.70
DHV18_4gujB2_ali_3m7wD1_aF2x  4.65 0.54 3.78 0.25 13 32 0.86 0.88    0.76 0.16
DHV18_4gujB2_ali_3oexB1_aF2x  4.97 0.85 4.00 0.40 13 32 0.86 0.83    0.54 0.11
DHV18_4gujB2_ali_4gfsA1_aF2x  4.83 0.99 3.98 0.70 13 32 0.87 0.80    0.92 0.71
DHV19_1dg3A1_ali_1f5nA2_aF2x  5.43 1.34 4.40 1.02 13 36 0.81 0.75    1.20 0.86
DHV19_1f5nA2_ali_1dg3A1_aF2x  5.44 1.45 4.41 1.32 13 36 0.83 0.73    1.20 0.86
DHV20_3phgA1_ali_3phhA2_aF2x  3.90 1.13 3.33 0.64 13 35 0.81 0.71    0.53 0.29
DHV20_3phhA2_ali_3phgA1_aF2x  3.89 0.53 3.32 0.22 13 35 0.69 0.86    0.53 0.29
DHV21_3d05A1_ali_3d06A2_aF2x  5.46 0.85 4.35 0.48 14 38 0.71 0.84    0.15 0.10
DHV21_3d06A2_ali_3d05A1_aF2x  5.46 0.86 4.35 0.56 14 38 0.70 0.84    0.15 0.10
DHV22_3v0dB1_ali_3v0fA2_aF2x  7.17 1.17 6.76 0.77 14 40 0.81 0.84    0.19 0.10
DHV22_3v0dB1_ali_3v0gB1_aF2x  2.24 0.81 1.06 0.48 14 40 0.75 0.64    0.24 0.17
DHV22_3v0dB1_ali_3v0hB3_aF2x  8.59 1.18 8.80 0.80 14 40 0.88 0.86    0.40 0.24
DHV22_3v0fA2_ali_3v0dB1_aF2x  7.17 1.06 6.76 0.68 14 40 0.83 0.85    0.19 0.10
DHV22_3v0fA2_ali_3v0gB1_aF2x  7.96 1.15 7.18 0.67 14 40 0.79 0.86    0.34 0.23
DHV22_3v0fA2_ali_3v0hB3_aF2x  9.45 1.65 8.78 1.12 14 40 0.88 0.83    0.38 0.27
DHV22_3v0gB1_ali_3v0dB1_aF2x  2.24 1.10 1.06 0.45 14 40 0.69 0.51    0.24 0.17
DHV22_3v0gB1_ali_3v0fA2_aF2x  7.96 1.38 7.17 1.00 14 40 0.76 0.83    0.34 0.23
DHV22_3v0gB1_ali_3v0hB3_aF2x  8.58 1.04 8.62 0.52 14 40 0.86 0.88    0.29 0.14
DHV22_3v0hB3_ali_3v0dB1_aF2x  8.60 1.29 8.80 0.95 14 40 0.87 0.85    0.40 0.24
DHV22_3v0hB3_ali_3v0fA2_aF2x  9.46 1.41 8.80 1.00 14 40 0.89 0.85    0.38 0.27
DHV22_3v0hB3_ali_3v0gB1_aF2x  8.58 1.00 8.62 0.58 14 40 0.87 0.88    0.29 0.14
DHV23_4mxrB1_ali_4myfA2_aF2x  2.86 0.66 2.63 0.37 14 35 0.87 0.77    0.72 0.62
DHV23_4mxrB1_ali_4mykA2_aF2x  3.88 0.75 3.06 0.45 14 35 0.89 0.81    0.90 0.80
DHV23_4mxrB1_ali_4mylA2_aF2x  3.46 0.86 2.90 0.53 14 35 0.86 0.75    0.82 0.69
DHV23_4myfA2_ali_4mxrB1_aF2x  2.85 0.73 2.62 0.48 14 35 0.90 0.74    0.72 0.62
DHV23_4mykA2_ali_4mxrB1_aF2x  3.87 0.86 3.05 0.53 14 35 0.90 0.78    0.90 0.80
DHV23_4mylA2_ali_4mxrB1_aF2x  3.45 0.98 2.88 0.60 14 35 0.92 0.72    0.82 0.69
DHV24_2ce2X1_ali_2cl0X2_aF2x  3.08 1.73 1.92 1.14 14 40 0.58 0.44    2.36 1.72
DHV24_2ce2X1_ali_2cl6X3_aF2x  3.94 1.08 2.73 0.87 14 40 0.64 0.73    2.38 1.78
DHV24_2ce2X1_ali_2cl7X4_aF2x  3.12 1.21 2.16 0.91 14 40 0.55 0.61    2.50 1.91
DHV24_2ce2X1_ali_2clcX4_aF2x  3.11 1.10 2.09 0.87 14 40 0.55 0.65    2.47 1.88
DHV24_2ce2X1_ali_2evwX4_aF2x  2.98 1.13 1.94 0.91 14 40 0.56 0.62    2.38 1.79
DHV24_2cl0X2_ali_2ce2X1_aF2x  3.08 0.85 1.92 0.59 14 40 0.59 0.72    2.36 1.72
DHV24_2cl0X2_ali_2cl6X3_aF2x  3.83 0.58 2.62 0.36 14 40 0.71 0.85    0.88 0.84
DHV24_2cl0X2_ali_2cl7X4_aF2x  2.42 0.71 1.73 0.30 14 40 0.79 0.70    0.89 0.81
DHV24_2cl0X2_ali_2clcX4_aF2x  2.30 0.66 1.53 0.30 14 40 0.77 0.71    0.88 0.79
DHV24_2cl0X2_ali_2evwX4_aF2x  2.09 0.75 1.22 0.32 14 40 0.76 0.64    0.89 0.84
DHV24_2cl6X3_ali_2ce2X1_aF2x  3.94 0.95 2.73 0.53 14 40 0.64 0.76    2.38 1.78
DHV24_2cl6X3_ali_2cl0X2_aF2x  3.84 0.62 2.62 0.44 14 40 0.76 0.84    0.88 0.84
DHV24_2cl6X3_ali_2cl7X4_aF2x  3.56 0.77 2.23 0.39 14 40 0.70 0.79    0.52 0.41
DHV24_2cl6X3_ali_2clcX4_aF2x  3.69 0.78 2.27 0.43 14 40 0.72 0.79    0.54 0.38
DHV24_2cl6X3_ali_2evwX4_aF2x  3.54 0.69 2.23 0.38 14 40 0.69 0.80    0.37 0.30
DHV24_2cl7X4_ali_2ce2X1_aF2x  3.11 0.98 2.15 0.66 14 40 0.56 0.69    2.50 1.91
DHV24_2cl7X4_ali_2cl0X2_aF2x  2.41 0.77 1.72 0.34 14 40 0.77 0.68    0.89 0.81
DHV24_2cl7X4_ali_2cl6X3_aF2x  3.55 0.73 2.22 0.41 14 40 0.65 0.79    0.52 0.41
DHV24_2clcX4_ali_2ce2X1_aF2x  3.11 0.96 2.08 0.62 14 40 0.53 0.69    2.47 1.88
DHV24_2clcX4_ali_2cl0X2_aF2x  2.29 0.69 1.52 0.30 14 40 0.75 0.70    0.88 0.79
DHV24_2clcX4_ali_2cl6X3_aF2x  3.68 0.75 2.26 0.43 14 40 0.70 0.80    0.54 0.38
DHV24_2evwX4_ali_2ce2X1_aF2x  2.98 0.96 1.94 0.76 14 40 0.52 0.68    2.38 1.79
DHV24_2evwX4_ali_2cl0X2_aF2x  2.09 0.75 1.22 0.31 14 40 0.75 0.64    0.89 0.84
DHV24_2evwX4_ali_2cl6X3_aF2x  3.54 0.64 2.22 0.30 14 40 0.64 0.82    0.37 0.30
DHV25_1gqyB1_ali_1p31B2_aF2x  10.96 0.88 10.04 0.46 14 39 0.86 0.92    1.17 1.05
DHV25_1gqyB1_ali_1p3dA2_aF2x  10.95 0.84 10.02 0.46 14 39 0.86 0.92    1.16 1.08
DHV25_1p31B2_ali_1gqyB1_aF2x  10.96 0.94 10.04 0.67 14 39 0.82 0.91    1.17 1.05
DHV25_1p3dA2_ali_1gqyB1_aF2x  10.95 0.93 10.02 0.68 14 39 0.81 0.91    1.16 1.08
DHV26_2rbtX1_ali_2rbuX2_aF2x  4.40 0.55 5.24 0.47 15 37 0.82 0.87    0.15 0.13
DHV26_2rbtX1_ali_2rbwX3_aF2x  3.23 0.87 3.70 0.65 15 37 0.70 0.73    0.87 0.76
DHV26_2rbtX1_ali_2rc2X3_aF2x  3.12 0.86 3.59 0.61 15 37 0.68 0.72    0.49 0.38
DHV26_2rbuX2_ali_2rbtX1_aF2x  4.40 0.57 5.24 0.44 15 37 0.75 0.87    0.15 0.13
DHV26_2rbuX2_ali_2rbvX1_aF2x  4.39 0.57 5.23 0.44 15 37 0.75 0.87    0.32 0.32
DHV26_2rbuX2_ali_2rbwX3_aF2x  2.70 0.54 2.93 0.41 15 37 0.88 0.80    0.85 0.75
DHV26_2rbuX2_ali_2rbxX1_aF2x  4.48 0.60 5.35 0.49 15 37 0.75 0.87    0.16 0.12
DHV26_2rbuX2_ali_2rbyX1_aF2x  4.43 0.57 5.28 0.45 15 37 0.75 0.87    0.18 0.15
DHV26_2rbuX2_ali_2rbzX1_aF2x  4.50 0.59 5.38 0.47 15 37 0.75 0.87    0.18 0.13
DHV26_2rbuX2_ali_2rc0X1_aF2x  4.48 0.54 5.34 0.46 15 37 0.74 0.88    0.15 0.10
DHV26_2rbuX2_ali_2rc2X3_aF2x  2.54 0.54 2.74 0.41 15 37 0.87 0.79    0.52 0.39
DHV26_2rbvX1_ali_2rbuX2_aF2x  4.39 0.54 5.22 0.43 15 37 0.82 0.88    0.32 0.32
DHV26_2rbvX1_ali_2rbwX3_aF2x  3.16 0.85 3.63 0.63 15 37 0.69 0.73    0.78 0.70
DHV26_2rbvX1_ali_2rc2X3_aF2x  3.06 0.85 3.53 0.59 15 37 0.66 0.72    0.59 0.54
DHV26_2rbwX3_ali_2rbtX1_aF2x  3.23 0.53 3.70 0.49 15 37 0.72 0.83    0.87 0.76
DHV26_2rbwX3_ali_2rbuX2_aF2x  2.71 0.71 2.94 0.56 15 37 0.91 0.74    0.85 0.75
DHV26_2rbwX3_ali_2rbvX1_aF2x  3.16 0.51 3.62 0.46 15 37 0.70 0.84    0.78 0.70
DHV26_2rbwX3_ali_2rbxX1_aF2x  3.30 0.54 3.82 0.50 15 37 0.71 0.84    0.86 0.75
DHV26_2rbwX3_ali_2rbyX1_aF2x  3.29 0.55 3.78 0.51 15 37 0.72 0.83    0.86 0.74
DHV26_2rbwX3_ali_2rbzX1_aF2x  3.28 0.53 3.80 0.48 15 37 0.71 0.84    0.82 0.72
DHV26_2rbwX3_ali_2rc0X1_aF2x  3.29 0.55 3.83 0.51 15 37 0.72 0.83    0.86 0.75
DHV26_2rbxX1_ali_2rbuX2_aF2x  4.47 0.56 5.34 0.47 15 37 0.82 0.88    0.16 0.12
DHV26_2rbxX1_ali_2rbwX3_aF2x  3.30 0.61 3.82 0.53 15 37 0.69 0.81    0.86 0.75
DHV26_2rbxX1_ali_2rc2X3_aF2x  3.20 0.86 3.72 0.62 15 37 0.67 0.73    0.48 0.37
DHV26_2rbyX1_ali_2rbuX2_aF2x  4.43 0.57 5.28 0.48 15 37 0.82 0.87    0.18 0.15
DHV26_2rbyX1_ali_2rbwX3_aF2x  3.29 0.86 3.78 0.65 15 37 0.70 0.74    0.86 0.74
DHV26_2rbyX1_ali_2rc2X3_aF2x  3.16 0.84 3.65 0.60 15 37 0.67 0.73    0.48 0.37
DHV26_2rbzX1_ali_2rbuX2_aF2x  4.50 0.57 5.38 0.47 15 37 0.83 0.87    0.18 0.13
DHV26_2rbzX1_ali_2rbwX3_aF2x  3.28 0.60 3.80 0.53 15 37 0.70 0.82    0.82 0.72
DHV26_2rbzX1_ali_2rc2X3_aF2x  3.18 0.86 3.70 0.61 15 37 0.68 0.73    0.40 0.29
DHV26_2rc0X1_ali_2rbuX2_aF2x  4.48 0.52 5.33 0.44 15 37 0.82 0.88    0.15 0.10
DHV26_2rc0X1_ali_2rbwX3_aF2x  3.29 0.87 3.83 0.66 15 37 0.71 0.74    0.86 0.75
DHV26_2rc0X1_ali_2rc2X3_aF2x  3.18 0.86 3.71 0.61 15 37 0.68 0.73    0.46 0.35
DHV26_2rc2X3_ali_2rbtX1_aF2x  3.12 0.49 3.59 0.45 15 37 0.69 0.84    0.49 0.38
DHV26_2rc2X3_ali_2rbuX2_aF2x  2.55 0.69 2.75 0.53 15 37 0.90 0.73    0.52 0.39
DHV26_2rc2X3_ali_2rbvX1_aF2x  3.06 0.48 3.52 0.43 15 37 0.67 0.84    0.59 0.54
DHV26_2rc2X3_ali_2rbxX1_aF2x  3.20 0.50 3.72 0.47 15 37 0.68 0.84    0.48 0.37
DHV26_2rc2X3_ali_2rbyX1_aF2x  3.16 0.50 3.65 0.45 15 37 0.69 0.84    0.48 0.37
DHV26_2rc2X3_ali_2rbzX1_aF2x  3.18 0.49 3.70 0.44 15 37 0.69 0.85    0.40 0.29
DHV26_2rc2X3_ali_2rc0X1_aF2x  3.18 0.51 3.71 0.46 15 37 0.69 0.84    0.46 0.35
DHV27_5ktaA1_ali_5ktcA2_aF2x  8.85 1.07 7.88 1.05 15 44 0.87 0.88    0.70 0.44
DHV27_5ktaA1_ali_5ktdA2_aF2x  8.77 1.09 7.81 1.05 15 44 0.86 0.88    0.67 0.44
DHV27_5ktcA2_ali_5ktaA1_aF2x  8.85 0.87 7.88 0.82 15 44 0.87 0.90    0.70 0.44
DHV27_5ktdA2_ali_5ktaA1_aF2x  8.77 0.85 7.81 0.79 15 44 0.87 0.90    0.67 0.44
DHV28_2yjdB2_ali_3omqA2_aF2x  3.28 0.80 2.76 0.43 15 36 0.87 0.76    0.83 0.75
DHV28_3omqA2_ali_2yjdB2_aF2x  3.25 0.87 2.73 0.45 15 36 0.86 0.73    0.83 0.75
DHV29_3illA1_ali_3iloA2_aF2x  8.14 1.31 5.05 1.16 15 40 0.77 0.84    0.78 0.69
DHV29_3iloA2_ali_3illA1_aF2x  8.15 1.54 5.05 1.05 15 40 0.78 0.81    0.78 0.69
DHV30_2xguA1_ali_2xgyA2_aF2x  11.41 1.83 11.74 1.48 15 29 0.93 0.84    1.49 0.95
DHV30_2xgyA2_ali_2xguA1_aF2x  11.42 2.12 11.76 1.76 15 29 0.91 0.81    1.49 0.95
