# Morphing          RmsdI RmsdF  RmsdINCAC  RmsdFNCAC  N_res N_dh  RmsdD delta0 Motion
DHV01_3iu1B1_ali_3iu2A2_aF0x  4.32 0.95 3.37 0.41 10 28 0.71 0.78
DHV01_3iu1B1_ali_3iweA2_aF0x  4.39 0.82 3.51 0.46 10 28 0.73 0.81
DHV01_3iu1B1_ali_3jtkA2_aF0x  4.46 1.02 3.54 0.46 10 28 0.72 0.77
DHV01_3iu2A2_ali_3iu1B1_aF0x  4.32 0.97 3.38 0.45 10 28 0.78 0.78
DHV01_3iweA2_ali_3iu1B1_aF0x  4.39 0.94 3.52 0.69 10 28 0.79 0.79
DHV01_3jtkA2_ali_3iu1B1_aF0x  4.47 1.01 3.55 0.55 10 28 0.79 0.77
DHV02_4hidA1_ali_4hj7A2_aF0x  3.39 0.83 2.24 0.49 10 28 0.64 0.75
DHV02_4hikA1_ali_4hj7A2_aF0x  3.17 1.12 2.35 0.71 10 28 0.59 0.65
DHV02_4himA1_ali_4hj7A2_aF0x  3.19 1.15 2.37 0.73 10 28 0.60 0.64
DHV02_4hioA1_ali_4hj7A2_aF0x  3.44 0.90 2.31 0.52 10 28 0.63 0.74
DHV02_4hj7A2_ali_4hidA1_aF0x  3.39 0.84 2.24 0.54 10 28 0.64 0.75
DHV02_4hj7A2_ali_4hikA1_aF0x  3.17 0.75 2.35 0.52 10 28 0.59 0.76
DHV02_4hj7A2_ali_4himA1_aF0x  3.19 0.75 2.38 0.48 10 28 0.59 0.76
DHV02_4hj7A2_ali_4hioA1_aF0x  3.44 0.83 2.31 0.47 10 28 0.65 0.76
DHV02_4hj7A2_ali_4hj9A1_aF0x  3.15 0.64 2.32 0.37 10 28 0.61 0.80
DHV02_4hj9A1_ali_4hj7A2_aF0x  3.15 0.73 2.31 0.35 10 28 0.62 0.77
DHV03_4kfrB1_ali_4kfuA2_aF0x  6.39 0.74 4.55 0.68 10 29 0.83 0.88
DHV03_4kfuA2_ali_4kfrB1_aF0x  6.39 0.86 4.55 0.80 10 29 0.84 0.87
DHV04_3waeA1_ali_3wafB2_aF0x  3.97 0.88 3.11 0.51 10 26 0.81 0.78
DHV04_3wafB2_ali_3waeA1_aF0x  3.97 1.39 3.11 0.78 10 26 0.81 0.65
DHV05_3mp6A1_ali_3mp8A2_aF0x  5.63 2.20 5.32 1.73 10 24 0.80 0.61
DHV05_3mp8A2_ali_3mp6A1_aF0x  5.63 1.99 5.32 1.41 10 24 0.78 0.65
DHV06_1xbbA1_ali_4fyoA2_aF0x  3.53 1.21 3.17 1.04 11 30 0.90 0.66
DHV06_1xbbA1_ali_4i0sA2_aF0x  4.07 1.45 3.81 1.36 11 30 0.91 0.64
DHV06_1xbbA1_ali_4i0tA2_aF0x  3.56 1.47 2.62 1.42 11 30 0.73 0.59
DHV06_4fyoA2_ali_1xbbA1_aF0x  3.52 1.04 3.16 0.91 11 30 0.86 0.71
DHV06_4fyoA2_ali_4i0tA2_aF0x  3.26 1.28 2.09 1.11 11 30 0.79 0.61
DHV06_4i0sA2_ali_1xbbA1_aF0x  4.07 1.04 3.81 1.01 11 30 0.87 0.74
DHV06_4i0sA2_ali_4i0tA2_aF0x  3.98 1.44 2.80 1.35 11 30 0.74 0.64
DHV06_4i0tA2_ali_1xbbA1_aF0x  3.56 1.31 2.61 1.12 11 30 0.80 0.63
DHV06_4i0tA2_ali_4fyoA2_aF0x  3.27 1.45 2.09 1.00 11 30 0.79 0.56
DHV06_4i0tA2_ali_4i0sA2_aF0x  3.98 1.72 2.80 1.65 11 30 0.79 0.57
DHV07_3n4fA1_ali_3qpeD2_aF0x  5.78 0.58 4.16 0.38 11 29 0.84 0.90
DHV07_3n4fA1_ali_3vccA2_aF0x  5.76 0.60 4.16 0.47 11 29 0.84 0.90
DHV07_3qpeD2_ali_3n4fA1_aF0x  5.79 0.88 4.16 0.78 11 29 0.84 0.85
DHV07_3vccA2_ali_3n4fA1_aF0x  5.76 0.89 4.15 0.81 11 29 0.84 0.85
DHV08_2vovA1_ali_2voxA2_aF0x  4.29 0.53 3.04 0.44 11 28 0.67 0.88
DHV08_2voxA2_ali_2vovA1_aF0x  4.29 0.53 3.04 0.46 11 28 0.73 0.88
DHV09_2q9fA1_ali_3mdmA2_aF0x  6.30 1.40 4.79 1.16 11 29 0.82 0.78
DHV09_3mdmA2_ali_2q9fA1_aF0x  6.30 1.46 4.79 1.21 11 29 0.74 0.77
DHV10_3irsC1_ali_3k4wL2_aF0x  5.13 1.21 4.38 0.91 11 31 0.86 0.76
DHV10_3k4wL2_ali_3irsC1_aF0x  5.10 1.21 4.35 0.90 11 31 0.89 0.76
DHV11_3gnoA1_ali_3gnpA1_aF0x  5.02 0.65 4.22 0.29 12 35 0.77 0.87
DHV11_3gnpA1_ali_3gnoA1_aF0x  5.03 0.68 4.22 0.36 12 35 0.78 0.86
DHV11_3gnpA1_ali_3gnrA2_aF0x  4.82 0.78 4.12 0.43 12 35 0.79 0.84
DHV11_3gnrA2_ali_3gnpA1_aF0x  4.83 0.69 4.13 0.41 12 35 0.79 0.86
DHV12_4fj7A1_ali_4fjnA2_aF0x  8.31 1.35 7.31 0.94 12 35 0.93 0.84
DHV12_4fj9A1_ali_4fjnA2_aF0x  8.44 1.36 7.41 0.92 12 35 0.92 0.84
DHV12_4fjjA1_ali_4fjnA2_aF0x  8.40 1.26 7.39 0.91 12 35 0.92 0.85
DHV12_4fjlA1_ali_4fjnA2_aF0x  8.10 1.01 6.91 0.72 12 35 0.93 0.88
DHV12_4fjnA2_ali_4fj7A1_aF0x  8.30 1.18 7.31 0.78 12 35 0.93 0.86
DHV12_4fjnA2_ali_4fj9A1_aF0x  8.43 1.22 7.41 0.77 12 35 0.93 0.86
DHV12_4fjnA2_ali_4fjjA1_aF0x  8.39 1.11 7.38 0.76 12 35 0.93 0.87
DHV12_4fjnA2_ali_4fjlA1_aF0x  8.10 1.09 6.91 0.65 12 35 0.93 0.87
DHV12_4fjnA2_ali_4fk2A1_aF0x  8.45 1.06 7.44 0.75 12 35 0.93 0.87
DHV12_4fjnA2_ali_4fk4A1_aF0x  8.46 1.03 7.30 0.69 12 35 0.93 0.88
DHV12_4fjnA2_ali_4m3tA1_aF0x  8.08 1.17 7.33 0.72 12 35 0.93 0.86
DHV12_4fjnA2_ali_4m3yA1_aF0x  8.47 1.09 7.36 0.72 12 35 0.93 0.87
DHV12_4fjnA2_ali_4m3zA1_aF0x  8.11 1.08 7.40 0.75 12 35 0.93 0.87
DHV12_4fjnA2_ali_4m45A1_aF0x  8.30 1.03 7.31 0.63 12 35 0.92 0.88
DHV12_4fk2A1_ali_4fjnA2_aF0x  8.46 1.35 7.45 0.96 12 35 0.92 0.84
DHV12_4fk4A1_ali_4fjnA2_aF0x  8.47 1.21 7.30 0.85 12 35 0.92 0.86
DHV12_4m3tA1_ali_4fjnA2_aF0x  8.09 1.45 7.34 0.99 12 35 0.94 0.82
DHV12_4m3yA1_ali_4fjnA2_aF0x  8.47 1.25 7.37 0.90 12 35 0.92 0.85
DHV12_4m3zA1_ali_4fjnA2_aF0x  8.13 1.41 7.41 1.03 12 35 0.94 0.83
DHV12_4m45A1_ali_4fjnA2_aF0x  8.30 1.21 7.31 0.79 12 35 0.93 0.85
DHV13_2pa5A1_ali_4iczA2_aF0x  4.36 0.83 3.35 0.60 12 30 0.93 0.81
DHV13_4ge2A1_ali_4iczA2_aF0x  4.39 0.86 3.40 0.60 12 30 0.93 0.81
DHV13_4ge6B1_ali_4iczA2_aF0x  4.02 0.72 3.12 0.47 12 30 0.92 0.82
DHV13_4iczA2_ali_2pa5A1_aF0x  4.36 1.04 3.35 0.94 12 30 0.90 0.76
DHV13_4iczA2_ali_4ge2A1_aF0x  4.39 1.04 3.40 0.92 12 30 0.90 0.76
DHV13_4iczA2_ali_4ge6B1_aF0x  4.02 0.80 3.12 0.62 12 30 0.90 0.80
DHV14_4jhxA1_ali_4kwtC2_aF0x  3.34 0.91 2.87 0.74 12 31 0.73 0.73
DHV14_4kwtC2_ali_4jhxA1_aF0x  3.34 0.88 2.86 0.79 12 31 0.73 0.74
DHV15_3agnA1_ali_3agoA2_aF0x  7.71 0.91 7.25 0.57 12 30 0.75 0.88
DHV15_3agnA1_ali_3ahwA3_aF0x  6.62 0.96 5.52 0.73 12 30 0.79 0.85
DHV15_3agoA2_ali_3agnA1_aF0x  7.72 0.89 7.25 0.58 12 30 0.70 0.89
DHV15_3agoA2_ali_3ahwA3_aF0x  5.44 0.64 4.76 0.34 12 30 0.69 0.88
DHV15_3ahwA3_ali_3agnA1_aF0x  6.62 1.34 5.52 1.25 12 30 0.76 0.80
DHV15_3ahwA3_ali_3agoA2_aF0x  5.44 0.81 4.77 0.57 12 30 0.70 0.85
DHV16_1a4uB1_ali_1b16B2_aF0x  3.66 0.68 2.48 0.41 13 36 0.63 0.81
DHV16_1a4uB1_ali_1sbyB2_aF0x  3.65 0.77 2.44 0.30 13 36 0.60 0.79
DHV16_1b16B2_ali_1a4uB1_aF0x  3.65 0.61 2.47 0.31 13 36 0.60 0.83
DHV16_1b16B2_ali_1b2lA3_aF0x  4.05 0.80 3.18 0.43 13 36 0.72 0.80
DHV16_1b2lA3_ali_1b16B2_aF0x  4.07 0.82 3.21 0.50 13 36 0.73 0.80
DHV16_1b2lA3_ali_1sbyB2_aF0x  3.75 0.79 3.11 0.35 13 36 0.76 0.79
DHV16_1sbyB2_ali_1a4uB1_aF0x  3.64 0.81 2.43 0.38 13 36 0.57 0.78
DHV16_1sbyB2_ali_1b2lA3_aF0x  3.74 0.80 3.09 0.30 13 36 0.75 0.79
DHV17_3hszA1_ali_3ht0A2_aF0x  12.76 1.21 11.29 0.71 13 34 0.84 0.91
DHV17_3ht0A2_ali_3hszA1_aF0x  12.79 1.43 11.32 1.16 13 34 0.84 0.89
DHV18_3m7wD1_ali_4guiB2_aF0x  5.16 0.53 4.37 0.39 13 32 0.88 0.90
DHV18_3m7wD1_ali_4gujB2_aF0x  5.14 0.57 4.36 0.44 13 32 0.87 0.89
DHV18_3oexB1_ali_4guiB2_aF0x  5.49 0.62 4.57 0.41 13 32 0.87 0.89
DHV18_3oexB1_ali_4gujB2_aF0x  5.48 0.67 4.57 0.47 13 32 0.88 0.88
DHV18_4gfsA1_ali_4guiB2_aF0x  5.33 0.50 4.55 0.43 13 32 0.89 0.91
DHV18_4gfsA1_ali_4gujB2_aF0x  5.38 0.60 4.56 0.48 13 32 0.88 0.89
DHV18_4guiB2_ali_3m7wD1_aF0x  5.16 0.48 4.37 0.36 13 32 0.86 0.91
DHV18_4guiB2_ali_3oexB1_aF0x  5.49 0.62 4.56 0.40 13 32 0.86 0.89
DHV18_4guiB2_ali_4gfsA1_aF0x  5.33 0.50 4.55 0.42 13 32 0.88 0.91
DHV18_4gujB2_ali_3m7wD1_aF0x  5.13 0.65 4.35 0.41 13 32 0.88 0.87
DHV18_4gujB2_ali_3oexB1_aF0x  5.48 0.88 4.57 0.51 13 32 0.88 0.84
DHV18_4gujB2_ali_4gfsA1_aF0x  5.38 0.65 4.56 0.45 13 32 0.88 0.88
DHV19_1dg3A1_ali_1f5nA2_aF0x  6.30 1.42 5.38 1.27 13 36 0.87 0.77
DHV19_1f5nA2_ali_1dg3A1_aF0x  6.30 1.23 5.38 1.07 13 36 0.88 0.80
DHV20_3phgA1_ali_3phhA2_aF0x  3.74 1.15 3.14 0.67 13 35 0.80 0.69
DHV20_3phhA2_ali_3phgA1_aF0x  3.74 0.55 3.14 0.26 13 35 0.66 0.85
DHV21_3d05A1_ali_3d06A2_aF0x  5.41 0.85 4.27 0.48 14 38 0.71 0.84
DHV21_3d06A2_ali_3d05A1_aF0x  5.41 0.83 4.27 0.47 14 38 0.70 0.85
DHV22_3v0dB1_ali_3v0fA2_aF0x  7.20 1.19 6.80 0.78 14 40 0.81 0.84
DHV22_3v0dB1_ali_3v0hB3_aF0x  8.41 1.25 8.59 0.88 14 40 0.88 0.85
DHV22_3v0fA2_ali_3v0dB1_aF0x  7.20 1.06 6.80 0.69 14 40 0.82 0.85
DHV22_3v0fA2_ali_3v0gB1_aF0x  7.95 1.15 7.16 0.67 14 40 0.79 0.86
DHV22_3v0fA2_ali_3v0hB3_aF0x  9.35 1.73 8.66 1.19 14 40 0.87 0.82
DHV22_3v0gB1_ali_3v0fA2_aF0x  7.94 1.39 7.16 1.01 14 40 0.75 0.82
DHV22_3v0gB1_ali_3v0hB3_aF0x  8.38 1.09 8.41 0.58 14 40 0.86 0.87
DHV22_3v0hB3_ali_3v0dB1_aF0x  8.41 1.67 8.60 1.46 14 40 0.86 0.80
DHV22_3v0hB3_ali_3v0fA2_aF0x  9.37 1.51 8.68 1.11 14 40 0.88 0.84
DHV22_3v0hB3_ali_3v0gB1_aF0x  8.38 1.15 8.41 0.82 14 40 0.86 0.86
DHV23_4mxrB1_ali_4myfA2_aF0x  2.99 0.71 2.86 0.41 14 35 0.87 0.76
DHV23_4mxrB1_ali_4mykA2_aF0x  3.56 0.72 2.82 0.39 14 35 0.88 0.80
DHV23_4mxrB1_ali_4mylA2_aF0x  3.31 0.86 2.80 0.54 14 35 0.85 0.74
DHV23_4myfA2_ali_4mxrB1_aF0x  2.98 0.77 2.85 0.52 14 35 0.90 0.74
DHV23_4mykA2_ali_4mxrB1_aF0x  3.54 0.80 2.81 0.50 14 35 0.89 0.77
DHV23_4mylA2_ali_4mxrB1_aF0x  3.30 0.96 2.79 0.60 14 35 0.91 0.71
DHV24_2ce2X1_ali_2cl6X3_aF0x  3.84 0.96 2.43 0.77 14 40 0.59 0.75
DHV24_2cl0X2_ali_2cl6X3_aF0x  3.63 0.59 2.33 0.38 14 40 0.68 0.84
DHV24_2cl6X3_ali_2ce2X1_aF0x  3.83 0.93 2.43 0.64 14 40 0.62 0.76
DHV24_2cl6X3_ali_2cl0X2_aF0x  3.64 0.66 2.33 0.49 14 40 0.74 0.82
DHV24_2cl6X3_ali_2evwX4_aF0x  3.44 0.68 2.07 0.36 14 40 0.67 0.80
DHV24_2evwX4_ali_2cl6X3_aF0x  3.44 0.63 2.07 0.28 14 40 0.60 0.82
DHV25_1gqyB1_ali_1p31B2_aF0x  10.46 1.36 9.51 1.19 14 39 0.85 0.87
DHV25_1gqyB1_ali_1p3dA2_aF0x  10.49 1.31 9.55 1.16 14 39 0.85 0.88
DHV25_1p31B2_ali_1gqyB1_aF0x  10.45 1.14 9.51 0.92 14 39 0.81 0.89
DHV25_1p3dA2_ali_1gqyB1_aF0x  10.49 1.09 9.54 0.90 14 39 0.80 0.90
DHV26_2rbtX1_ali_2rbuX2_aF0x  4.39 0.77 5.23 0.60 15 37 0.82 0.82
DHV26_2rbtX1_ali_2rbwX3_aF0x  3.03 0.87 3.48 0.63 15 37 0.65 0.71
DHV26_2rbtX1_ali_2rc2X3_aF0x  3.04 0.87 3.50 0.61 15 37 0.66 0.71
DHV26_2rbuX2_ali_2rbtX1_aF0x  4.39 0.57 5.23 0.44 15 37 0.75 0.87
DHV26_2rbuX2_ali_2rbvX1_aF0x  4.37 0.57 5.21 0.44 15 37 0.75 0.87
DHV26_2rbuX2_ali_2rbwX3_aF0x  2.33 0.53 2.45 0.38 15 37 0.84 0.77
DHV26_2rbuX2_ali_2rbxX1_aF0x  4.44 0.60 5.30 0.50 15 37 0.74 0.87
DHV26_2rbuX2_ali_2rbyX1_aF0x  4.42 0.57 5.27 0.45 15 37 0.75 0.87
DHV26_2rbuX2_ali_2rbzX1_aF0x  4.46 0.60 5.32 0.48 15 37 0.75 0.87
DHV26_2rbuX2_ali_2rc0X1_aF0x  4.46 0.54 5.31 0.46 15 37 0.74 0.88
DHV26_2rbuX2_ali_2rc2X3_aF0x  2.29 0.53 2.40 0.39 15 37 0.85 0.77
DHV26_2rbvX1_ali_2rbuX2_aF0x  4.37 0.54 5.21 0.43 15 37 0.82 0.88
DHV26_2rbvX1_ali_2rbwX3_aF0x  3.02 0.86 3.47 0.62 15 37 0.65 0.72
DHV26_2rbvX1_ali_2rc2X3_aF0x  3.04 0.85 3.49 0.59 15 37 0.65 0.72
DHV26_2rbwX3_ali_2rbtX1_aF0x  3.03 0.50 3.48 0.44 15 37 0.67 0.83
DHV26_2rbwX3_ali_2rbuX2_aF0x  2.34 0.71 2.46 0.56 15 37 0.88 0.70
DHV26_2rbwX3_ali_2rbvX1_aF0x  3.02 0.50 3.47 0.44 15 37 0.66 0.84
DHV26_2rbwX3_ali_2rbxX1_aF0x  3.10 0.51 3.59 0.47 15 37 0.66 0.83
DHV26_2rbwX3_ali_2rbyX1_aF0x  3.06 0.51 3.52 0.45 15 37 0.66 0.83
DHV26_2rbwX3_ali_2rbzX1_aF0x  3.10 0.51 3.59 0.46 15 37 0.67 0.84
DHV26_2rbwX3_ali_2rc0X1_aF0x  3.08 0.51 3.58 0.46 15 37 0.67 0.84
DHV26_2rbxX1_ali_2rbuX2_aF0x  4.44 0.56 5.29 0.48 15 37 0.82 0.87
DHV26_2rbxX1_ali_2rbwX3_aF0x  3.10 0.87 3.59 0.64 15 37 0.65 0.72
DHV26_2rbxX1_ali_2rc2X3_aF0x  3.11 0.86 3.61 0.62 15 37 0.65 0.72
DHV26_2rbyX1_ali_2rbuX2_aF0x  4.42 0.55 5.26 0.44 15 37 0.82 0.88
DHV26_2rbyX1_ali_2rbwX3_aF0x  3.06 0.59 3.52 0.53 15 37 0.64 0.81
DHV26_2rbyX1_ali_2rc2X3_aF0x  3.07 0.85 3.55 0.60 15 37 0.65 0.72
DHV26_2rbzX1_ali_2rbuX2_aF0x  4.46 0.57 5.31 0.48 15 37 0.83 0.87
DHV26_2rbzX1_ali_2rbwX3_aF0x  3.09 0.86 3.58 0.63 15 37 0.66 0.72
DHV26_2rbzX1_ali_2rc2X3_aF0x  3.11 0.85 3.61 0.61 15 37 0.66 0.73
DHV26_2rc0X1_ali_2rbuX2_aF0x  4.45 0.52 5.30 0.44 15 37 0.82 0.88
DHV26_2rc0X1_ali_2rbwX3_aF0x  3.08 0.87 3.58 0.63 15 37 0.66 0.72
DHV26_2rc0X1_ali_2rc2X3_aF0x  3.09 0.86 3.61 0.61 15 37 0.66 0.72
DHV26_2rc2X3_ali_2rbtX1_aF0x  3.04 0.49 3.51 0.44 15 37 0.67 0.84
DHV26_2rc2X3_ali_2rbuX2_aF0x  2.30 0.69 2.41 0.54 15 37 0.88 0.70
DHV26_2rc2X3_ali_2rbvX1_aF0x  3.03 0.48 3.49 0.43 15 37 0.67 0.84
DHV26_2rc2X3_ali_2rbxX1_aF0x  3.11 0.50 3.62 0.47 15 37 0.66 0.84
DHV26_2rc2X3_ali_2rbyX1_aF0x  3.07 0.49 3.55 0.44 15 37 0.66 0.84
DHV26_2rc2X3_ali_2rbzX1_aF0x  3.11 0.49 3.61 0.45 15 37 0.67 0.84
DHV26_2rc2X3_ali_2rc0X1_aF0x  3.09 0.50 3.61 0.46 15 37 0.67 0.84
DHV27_5ktaA1_ali_5ktcA2_aF0x  8.41 1.16 7.49 1.08 15 44 0.85 0.86
DHV27_5ktaA1_ali_5ktdA2_aF0x  8.39 1.15 7.47 1.06 15 44 0.85 0.86
DHV27_5ktcA2_ali_5ktaA1_aF0x  8.42 0.96 7.49 0.84 15 44 0.86 0.89
DHV27_5ktdA2_ali_5ktaA1_aF0x  8.40 0.97 7.48 0.91 15 44 0.85 0.88
DHV28_2yjdB2_ali_3omqA2_aF0x  2.74 0.80 2.18 0.44 15 36 0.81 0.71
DHV28_3omqA2_ali_2yjdB2_aF0x  2.73 0.88 2.17 0.48 15 36 0.79 0.68
DHV29_3illA1_ali_3iloA2_aF0x  7.92 1.27 4.80 1.08 15 40 0.77 0.84
DHV29_3iloA2_ali_3illA1_aF0x  7.92 1.61 4.80 1.03 15 40 0.78 0.80
DHV30_2xguA1_ali_2xgyA2_aF0x  7.33 0.85 7.42 0.54 15 29 0.95 0.88
DHV30_2xgyA2_ali_2xguA1_aF0x  7.33 1.15 7.43 0.98 15 29 0.95 0.84
