# Morphing          RmsdI RmsdF  RmsdINCAC  RmsdFNCAC  N_res N_dh  RmsdD delta0 Motion RmsdA0 RmsdA
#-----------------------------------------------------------------------
DHV01_3iu1B1_ali_3iu2A2_aF2x  4.29 0.98  3.35 0.44 10 28 0.70 0.77 0.21 0.10 
DHV01_3iu1B1_ali_3iweA2_aF2x  4.40 0.84  3.53 0.48 10 28 0.73 0.81 0.18 0.14 
DHV01_3iu1B1_ali_3jtkA2_aF2x  4.49 1.06  3.60 0.50 10 28 0.72 0.76 0.29 0.15 
DHV01_3iu2A2_ali_3iu1B1_aF2x  4.29 1.01  3.35 0.56 10 28 0.78 0.76 0.21 0.10 
DHV01_3iweA2_ali_3iu1B1_aF2x  4.40 0.99  3.53 0.76 10 28 0.79 0.77 0.18 0.14 
DHV01_3jtkA2_ali_3iu1B1_aF2x  4.49 1.11  3.60 0.71 10 28 0.79 0.75 0.29 0.15 
DHV02_4hidA1_ali_4hj7A2_aF2x  3.43 0.84  2.31 0.49 10 28 0.66 0.76 0.48 0.23 
DHV02_4hikA1_ali_4hj7A2_aF2x  3.23 1.11  2.47 0.65 10 28 0.63 0.66 0.49 0.16 
DHV02_4himA1_ali_4hj7A2_aF2x  3.30 1.14  2.57 0.69 10 28 0.65 0.65 0.47 0.12 
DHV02_4hioA1_ali_4hj7A2_aF2x  3.58 0.89  2.52 0.49 10 28 0.69 0.75 0.42 0.18 
DHV02_4hj7A2_ali_4hidA1_aF2x  3.43 0.82  2.31 0.47 10 28 0.65 0.76 0.48 0.23 
DHV02_4hj7A2_ali_4hikA1_aF2x  3.23 0.73  2.47 0.36 10 28 0.62 0.77 0.49 0.16 
DHV02_4hj7A2_ali_4himA1_aF2x  3.30 0.73  2.57 0.37 10 28 0.64 0.78 0.47 0.12 
DHV02_4hj7A2_ali_4hioA1_aF2x  3.58 0.77  2.52 0.32 10 28 0.70 0.79 0.42 0.18 
DHV02_4hj7A2_ali_4hj9A1_aF2x  3.23 0.64  2.40 0.27 10 28 0.64 0.80 0.39 0.13 
DHV02_4hj9A1_ali_4hj7A2_aF2x  3.23 0.77  2.40 0.31 10 28 0.66 0.76 0.39 0.12 
DHV03_4kfrB1_ali_4kfuA2_aF2x  6.96 1.01  5.15 0.86 10 29 0.85 0.86 1.03 0.50 
DHV03_4kfuA2_ali_4kfrB1_aF2x  6.96 0.96  5.15 0.69 10 29 0.85 0.86 1.03 0.50 
DHV04_3waeA1_ali_3wafB2_aF2x  4.15 0.81  3.26 0.42 10 26 0.81 0.81 0.54 0.23 
DHV04_3wafB2_ali_3waeA1_aF2x  4.15 1.67  3.26 0.92 10 26 0.83 0.60 0.54 0.23 
DHV05_3mp6A1_ali_3mp8A2_aF2x  5.23 2.00  4.95 1.53 10 24 0.80 0.62 0.47 0.27 
DHV05_3mp8A2_ali_3mp6A1_aF2x  5.23 1.75  4.95 1.19 10 24 0.79 0.67 0.47 0.27 
DHV06_1xbbA1_ali_4fyoA2_aF2x  2.70 0.96  2.18 0.50 11 30 0.84 0.65 0.86 0.28 
DHV06_1xbbA1_ali_4i0sA2_aF2x  2.86 0.81  2.38 0.61 11 30 0.84 0.72 1.10 0.28 
DHV06_1xbbA1_ali_4i0tA2_aF2x  3.13 1.14  1.92 0.91 11 30 0.69 0.64 0.82 0.41 
DHV06_4fyoA2_ali_1xbbA1_aF2x  2.70 0.96  2.18 0.72 11 30 0.82 0.65 0.86 0.28 
DHV06_4fyoA2_ali_4i0tA2_aF2x  2.93 1.06  1.72 0.84 11 30 0.74 0.64 0.49 0.23 
DHV06_4i0sA2_ali_1xbbA1_aF2x  2.86 0.52  2.38 0.31 11 30 0.85 0.82 1.10 0.28 
DHV06_4i0sA2_ali_4i0tA2_aF2x  3.55 1.22  2.23 1.11 11 30 0.70 0.66 0.66 0.24 
DHV06_4i0tA2_ali_1xbbA1_aF2x  3.13 1.31  1.92 1.00 11 30 0.77 0.58 0.82 0.41 
DHV06_4i0tA2_ali_4fyoA2_aF2x  2.93 1.33  1.72 0.86 11 30 0.75 0.55 0.49 0.23 
DHV06_4i0tA2_ali_4i0sA2_aF2x  3.55 1.53  2.23 1.43 11 30 0.75 0.57 0.66 0.24 
DHV07_3n4fA1_ali_3qpeD2_aF2x  5.77 0.62  4.15 0.34 11 29 0.84 0.89 0.38 0.21 
DHV07_3n4fA1_ali_3vccA2_aF2x  5.71 0.60  4.10 0.43 11 29 0.84 0.90 0.49 0.23 
DHV07_3qpeD2_ali_3n4fA1_aF2x  5.77 0.86  4.15 0.76 11 29 0.84 0.85 0.38 0.21 
DHV07_3vccA2_ali_3n4fA1_aF2x  5.71 0.85  4.10 0.75 11 29 0.84 0.85 0.49 0.23 
DHV08_2vovA1_ali_2voxA2_aF2x  4.34 0.48  3.08 0.36 11 28 0.68 0.89 0.55 0.26 
DHV08_2voxA2_ali_2vovA1_aF2x  4.34 0.47  3.08 0.38 11 28 0.74 0.89 0.55 0.26 
DHV09_2q9fA1_ali_3mdmA2_aF2x  6.32 1.41  4.68 1.01 11 29 0.83 0.78 1.11 0.54 
DHV09_3mdmA2_ali_2q9fA1_aF2x  6.32 1.64  4.68 1.26 11 29 0.73 0.74 1.11 0.54 
DHV10_3irsC1_ali_3k4wL2_aF2x  4.95 1.06  4.20 0.69 11 31 0.86 0.79 0.83 0.36 
DHV10_3k4wL2_ali_3irsC1_aF2x  4.95 1.05  4.20 0.65 11 31 0.89 0.79 0.83 0.36 
DHV11_3gnoA1_ali_3gnpA1_aF2x  5.12 0.63  4.32 0.27 12 35 0.78 0.88 0.19 0.07 
DHV11_3gnpA1_ali_3gnoA1_aF2x  5.12 0.69  4.32 0.37 12 35 0.79 0.87 0.19 0.07 
DHV11_3gnpA1_ali_3gnrA2_aF2x  4.99 0.78  4.29 0.42 12 35 0.81 0.84 0.24 0.08 
DHV11_3gnrA2_ali_3gnpA1_aF2x  4.99 0.69  4.29 0.40 12 35 0.80 0.86 0.24 0.08 
DHV12_4fj7A1_ali_4fjnA2_aF2x  7.65 1.34  6.65 0.98 12 35 0.92 0.82 0.23 0.15 
DHV12_4fj7A1_ali_4m45A1_aF2x  2.25 0.88  1.67 0.30 12 35 0.81 0.61 0.38 0.22 
DHV12_4fj9A1_ali_4fjnA2_aF2x  7.67 1.22  6.65 0.79 12 35 0.92 0.84 0.24 0.17 
DHV12_4fj9A1_ali_4m45A1_aF2x  2.23 0.85  1.68 0.32 12 35 0.82 0.62 0.39 0.24 
DHV12_4fjjA1_ali_4fjnA2_aF2x  7.82 1.29  6.82 0.97 12 35 0.92 0.83 0.23 0.15 
DHV12_4fjjA1_ali_4m45A1_aF2x  2.11 0.76  1.53 0.36 12 35 0.81 0.64 0.36 0.22 
DHV12_4fjlA1_ali_4fjnA2_aF2x  8.49 1.08  7.32 0.77 12 35 0.93 0.87 0.15 0.06 
DHV12_4fjlA1_ali_4fk2A1_aF2x  1.64 0.38  1.05 0.21 12 35 0.90 0.77 0.36 0.22 
DHV12_4fjlA1_ali_4m45A1_aF2x  2.20 0.74  1.13 0.33 12 35 0.67 0.66 0.12 0.07 
DHV12_4fjnA2_ali_4fj7A1_aF2x  7.65 1.16  6.65 0.75 12 35 0.92 0.85 0.23 0.15 
DHV12_4fjnA2_ali_4fj9A1_aF2x  7.67 1.07  6.65 0.62 12 35 0.92 0.86 0.24 0.17 
DHV12_4fjnA2_ali_4fjjA1_aF2x  7.82 1.05  6.82 0.66 12 35 0.92 0.87 0.23 0.15 
DHV12_4fjnA2_ali_4fjlA1_aF2x  8.49 1.15  7.32 0.70 12 35 0.93 0.86 0.15 0.06 
DHV12_4fjnA2_ali_4fk2A1_aF2x  7.65 0.94  6.65 0.63 12 35 0.92 0.88 0.27 0.21 
DHV12_4fjnA2_ali_4fk4A1_aF2x  8.02 0.98  6.87 0.64 12 35 0.93 0.88 0.15 0.11 
DHV12_4fjnA2_ali_4m3tA1_aF2x  7.41 1.06  6.68 0.61 12 35 0.93 0.86 0.22 0.17 
DHV12_4fjnA2_ali_4m3yA1_aF2x  8.08 1.01  6.97 0.65 12 35 0.93 0.88 0.13 0.08 
DHV12_4fjnA2_ali_4m3zA1_aF2x  7.61 0.99  6.91 0.65 12 35 0.93 0.87 0.17 0.13 
DHV12_4fjnA2_ali_4m45A1_aF2x  9.05 1.11  8.06 0.69 12 35 0.92 0.88 0.18 0.08 
DHV12_4fk2A1_ali_4fjlA1_aF2x  1.64 0.41  1.05 0.20 12 35 0.88 0.75 0.36 0.22 
DHV12_4fk2A1_ali_4fjnA2_aF2x  7.65 1.13  6.65 0.81 12 35 0.91 0.85 0.27 0.21 
DHV12_4fk2A1_ali_4m45A1_aF2x  2.27 0.75  1.74 0.33 12 35 0.82 0.67 0.42 0.27 
DHV12_4fk4A1_ali_4fjnA2_aF2x  8.02 1.16  6.87 0.82 12 35 0.92 0.86 0.15 0.11 
DHV12_4fk4A1_ali_4m45A1_aF2x  1.86 0.74  1.52 0.33 12 35 0.83 0.60 0.29 0.17 
DHV12_4m3tA1_ali_4fjnA2_aF2x  7.41 1.34  6.68 0.89 12 35 0.93 0.82 0.22 0.17 
DHV12_4m3tA1_ali_4m45A1_aF2x  2.35 0.89  1.66 0.34 12 35 0.88 0.62 0.36 0.24 
DHV12_4m3yA1_ali_4fjnA2_aF2x  8.08 1.35  6.97 0.98 12 35 0.92 0.83 0.13 0.08 
DHV12_4m3yA1_ali_4m45A1_aF2x  1.70 0.71  1.32 0.26 12 35 0.86 0.59 0.28 0.15 
DHV12_4m3zA1_ali_4fjnA2_aF2x  7.61 1.32  6.91 0.95 12 35 0.93 0.83 0.17 0.13 
DHV12_4m3zA1_ali_4m45A1_aF2x  2.14 0.71  1.44 0.27 12 35 0.91 0.67 0.31 0.19 
DHV12_4m45A1_ali_4fj7A1_aF2x  2.25 0.80  1.67 0.32 12 35 0.86 0.64 0.38 0.22 
DHV12_4m45A1_ali_4fj9A1_aF2x  2.23 0.81  1.68 0.32 12 35 0.87 0.64 0.39 0.24 
DHV12_4m45A1_ali_4fjjA1_aF2x  2.11 0.65  1.53 0.32 12 35 0.88 0.69 0.36 0.22 
DHV12_4m45A1_ali_4fjlA1_aF2x  2.20 0.73  1.13 0.33 12 35 0.77 0.67 0.12 0.07 
DHV12_4m45A1_ali_4fjnA2_aF2x  9.05 1.42  8.06 0.96 12 35 0.94 0.84 0.18 0.08 
DHV12_4m45A1_ali_4fk2A1_aF2x  2.27 0.65  1.74 0.36 12 35 0.89 0.71 0.42 0.27 
DHV12_4m45A1_ali_4fk4A1_aF2x  1.86 0.82  1.52 0.48 12 35 0.85 0.56 0.29 0.17 
DHV12_4m45A1_ali_4m3tA1_aF2x  2.35 0.81  1.66 0.35 12 35 0.89 0.65 0.36 0.24 
DHV12_4m45A1_ali_4m3yA1_aF2x  1.70 0.60  1.32 0.26 12 35 0.87 0.65 0.28 0.15 
DHV12_4m45A1_ali_4m3zA1_aF2x  2.14 0.63  1.44 0.33 12 35 0.91 0.71 0.31 0.19 
DHV13_2pa5A1_ali_4iczA2_aF2x  4.16 0.73  3.17 0.50 12 30 0.93 0.82 0.58 0.30 
DHV13_4ge2A1_ali_4iczA2_aF2x  4.27 0.76  3.27 0.50 12 30 0.93 0.82 0.56 0.24 
DHV13_4ge6B1_ali_4iczA2_aF2x  3.97 0.76  3.08 0.50 12 30 0.91 0.81 0.47 0.36 
DHV13_4iczA2_ali_2pa5A1_aF2x  4.16 0.86  3.17 0.69 12 30 0.91 0.79 0.58 0.30 
DHV13_4iczA2_ali_4ge2A1_aF2x  4.27 0.85  3.27 0.66 12 30 0.91 0.80 0.56 0.24 
DHV13_4iczA2_ali_4ge6B1_aF2x  3.97 0.87  3.08 0.70 12 30 0.88 0.78 0.47 0.36 
DHV14_4jhxA1_ali_4kwtC2_aF2x  3.25 0.73  2.77 0.44 12 31 0.74 0.77 1.02 0.14 
DHV14_4kwtC2_ali_4jhxA1_aF2x  3.25 0.68  2.77 0.40 12 31 0.74 0.79 1.02 0.14 
DHV15_3agnA1_ali_3agoA2_aF2x  7.55 0.89  7.05 0.56 12 30 0.74 0.88 0.32 0.12 
DHV15_3agnA1_ali_3ahwA3_aF2x  7.05 0.79  5.98 0.54 12 30 0.80 0.89 0.74 0.43 
DHV15_3agoA2_ali_3agnA1_aF2x  7.55 1.87  7.05 1.26 12 30 0.69 0.75 0.32 0.12 
DHV15_3agoA2_ali_3ahwA3_aF2x  5.13 0.66  4.35 0.41 12 30 0.66 0.87 0.46 0.34 
DHV15_3ahwA3_ali_3agnA1_aF2x  7.05 0.92  5.98 0.64 12 30 0.76 0.87 0.74 0.43 
DHV15_3ahwA3_ali_3agoA2_aF2x  5.13 0.83  4.35 0.60 12 30 0.68 0.84 0.46 0.34 
DHV16_1a4uB1_ali_1b16B2_aF2x  3.64 0.69  2.45 0.41 13 36 0.62 0.81 0.22 0.15 
DHV16_1a4uB1_ali_1b2lA3_aF2x  2.92 0.64  1.84 0.36 13 36 0.63 0.78 0.41 0.13 
DHV16_1a4uB1_ali_1sbyB2_aF2x  3.62 0.76  2.41 0.29 13 36 0.59 0.79 0.18 0.09 
DHV16_1b16B2_ali_1a4uB1_aF2x  3.64 0.63  2.45 0.34 13 36 0.59 0.83 0.22 0.15 
DHV16_1b16B2_ali_1b2lA3_aF2x  4.16 0.80  3.31 0.41 13 36 0.73 0.81 0.26 0.07 
DHV16_1b2lA3_ali_1a4uB1_aF2x  2.92 0.64  1.84 0.35 13 36 0.63 0.78 0.41 0.13 
DHV16_1b2lA3_ali_1b16B2_aF2x  4.16 0.88  3.31 0.48 13 36 0.74 0.79 0.26 0.07 
DHV16_1b2lA3_ali_1sbyB2_aF2x  3.84 0.79  3.21 0.32 13 36 0.77 0.80 0.27 0.06 
DHV16_1sbyB2_ali_1a4uB1_aF2x  3.62 0.81  2.41 0.38 13 36 0.56 0.78 0.18 0.09 
DHV16_1sbyB2_ali_1b2lA3_aF2x  3.84 0.80  3.21 0.27 13 36 0.76 0.79 0.27 0.06 
DHV17_3hszA1_ali_3ht0A2_aF2x 12.25 1.11 10.69 0.66 13 34 0.83 0.91 0.33 0.22 
DHV17_3ht0A2_ali_3hszA1_aF2x 12.25 1.33 10.69 1.04 13 34 0.83 0.89 0.33 0.22 
DHV18_3m7wD1_ali_4guiB2_aF2x  4.61 0.43  3.73 0.23 13 32 0.87 0.91 0.68 0.14 
DHV18_3m7wD1_ali_4gujB2_aF2x  4.69 0.48  3.83 0.29 13 32 0.87 0.90 0.68 0.16 
DHV18_3oexB1_ali_4guiB2_aF2x  4.94 0.56  3.92 0.29 13 32 0.85 0.89 0.51 0.13 
DHV18_3oexB1_ali_4gujB2_aF2x  5.01 0.62  4.04 0.37 13 32 0.87 0.88 0.50 0.10 
DHV18_4gfsA1_ali_4guiB2_aF2x  4.82 0.43  4.00 0.29 13 32 0.88 0.91 0.56 0.17 
DHV18_4gfsA1_ali_4gujB2_aF2x  4.96 0.53  4.12 0.37 13 32 0.87 0.89 0.56 0.18 
DHV18_4guiB2_ali_3m7wD1_aF2x  4.61 0.99  3.73 0.73 13 32 0.84 0.78 0.68 0.14 
DHV18_4guiB2_ali_3oexB1_aF2x  4.94 0.55  3.92 0.30 13 32 0.84 0.89 0.51 0.13 
DHV18_4guiB2_ali_4gfsA1_aF2x  4.82 0.94  4.00 0.69 13 32 0.87 0.80 0.56 0.17 
DHV18_4gujB2_ali_3m7wD1_aF2x  4.69 0.54  3.83 0.25 13 32 0.86 0.88 0.68 0.16 
DHV18_4gujB2_ali_3oexB1_aF2x  5.01 0.85  4.04 0.40 13 32 0.86 0.83 0.50 0.10 
DHV18_4gujB2_ali_4gfsA1_aF2x  4.96 0.99  4.12 0.70 13 32 0.87 0.80 0.56 0.18 
DHV19_1dg3A1_ali_1f5nA2_aF2x  6.23 1.50  5.30 1.31 13 36 0.85 0.76 0.81 0.32 
DHV19_1f5nA2_ali_1dg3A1_aF2x  6.23 1.38  5.30 1.26 13 36 0.87 0.78 0.81 0.32 
DHV20_3phgA1_ali_3phhA2_aF2x  3.87 0.57  3.27 0.30 13 35 0.81 0.85 0.40 0.10 
DHV20_3phhA2_ali_3phgA1_aF2x  3.87 0.52  3.27 0.21 13 35 0.68 0.86 0.40 0.10 
DHV21_3d05A1_ali_3d06A2_aF2x  5.49 0.85  4.38 0.48 14 38 0.72 0.85 0.12 0.07 
DHV21_3d06A2_ali_3d05A1_aF2x  5.49 0.86  4.38 0.56 14 38 0.71 0.84 0.12 0.07 
DHV22_3v0dB1_ali_3v0fA2_aF2x  7.12 1.15  6.69 0.74 14 40 0.81 0.84 0.20 0.10 
DHV22_3v0dB1_ali_3v0gB1_aF2x  2.25 0.80  1.06 0.48 14 40 0.74 0.64 0.24 0.18 
DHV22_3v0dB1_ali_3v0hB3_aF2x  8.69 1.18  8.91 0.79 14 40 0.88 0.86 0.43 0.25 
DHV22_3v0fA2_ali_3v0dB1_aF2x  7.12 1.05  6.69 0.67 14 40 0.83 0.85 0.20 0.10 
DHV22_3v0fA2_ali_3v0gB1_aF2x  7.90 1.14  7.11 0.65 14 40 0.79 0.86 0.34 0.23 
DHV22_3v0fA2_ali_3v0hB3_aF2x  9.53 1.62  8.88 1.09 14 40 0.88 0.83 0.40 0.28 
DHV22_3v0gB1_ali_3v0dB1_aF2x  2.25 1.09  1.06 0.44 14 40 0.70 0.51 0.24 0.18 
DHV22_3v0gB1_ali_3v0fA2_aF2x  7.90 1.44  7.11 1.04 14 40 0.75 0.82 0.34 0.23 
DHV22_3v0gB1_ali_3v0hB3_aF2x  8.67 1.03  8.72 0.51 14 40 0.86 0.88 0.33 0.13 
DHV22_3v0hB3_ali_3v0dB1_aF2x  8.69 1.28  8.91 0.93 14 40 0.87 0.85 0.43 0.25 
DHV22_3v0hB3_ali_3v0fA2_aF2x  9.53 1.36  8.88 0.94 14 40 0.89 0.86 0.40 0.28 
DHV22_3v0hB3_ali_3v0gB1_aF2x  8.67 0.98  8.72 0.56 14 40 0.87 0.89 0.33 0.13 
DHV23_4mxrB1_ali_4myfA2_aF2x  3.10 0.68  2.96 0.37 14 35 0.88 0.78 0.26 0.10 
DHV23_4mxrB1_ali_4mykA2_aF2x  3.53 0.69  2.79 0.36 14 35 0.88 0.80 0.25 0.13 
DHV23_4mxrB1_ali_4mylA2_aF2x  3.40 0.84  2.85 0.51 14 35 0.86 0.75 0.29 0.10 
DHV23_4myfA2_ali_4mxrB1_aF2x  3.10 0.73  2.96 0.48 14 35 0.91 0.76 0.26 0.10 
DHV23_4mykA2_ali_4mxrB1_aF2x  3.53 0.76  2.79 0.45 14 35 0.90 0.79 0.25 0.13 
DHV23_4mylA2_ali_4mxrB1_aF2x  3.40 0.93  2.85 0.56 14 35 0.92 0.73 0.29 0.10 
DHV24_2ce2X1_ali_2cl0X2_aF2x  2.91 1.49  1.60 0.75 14 40 0.53 0.49 0.50 0.27 
DHV24_2ce2X1_ali_2cl6X3_aF2x  3.76 0.96  2.43 0.70 14 40 0.58 0.75 0.87 0.54 
DHV24_2ce2X1_ali_2cl7X4_aF2x  3.09 0.97  2.03 0.55 14 40 0.54 0.69 0.86 0.41 
DHV24_2ce2X1_ali_2clcX4_aF2x  3.06 0.94  1.90 0.55 14 40 0.53 0.69 0.85 0.41 
DHV24_2ce2X1_ali_2evwX4_aF2x  2.93 0.99  1.77 0.62 14 40 0.53 0.66 0.82 0.38 
DHV24_2cl0X2_ali_2ce2X1_aF2x  2.91 0.84  1.60 0.46 14 40 0.56 0.71 0.50 0.27 
DHV24_2cl0X2_ali_2cl6X3_aF2x  3.74 0.54  2.49 0.30 14 40 0.70 0.86 0.52 0.35 
DHV24_2cl0X2_ali_2cl7X4_aF2x  2.48 0.73  1.82 0.33 14 40 0.80 0.70 0.58 0.24 
DHV24_2cl0X2_ali_2clcX4_aF2x  2.36 0.68  1.61 0.32 14 40 0.78 0.71 0.57 0.27 
DHV24_2cl0X2_ali_2evwX4_aF2x  2.16 0.76  1.34 0.34 14 40 0.78 0.65 0.45 0.22 
DHV24_2cl6X3_ali_2ce2X1_aF2x  3.76 0.83  2.43 0.53 14 40 0.60 0.78 0.87 0.54 
DHV24_2cl6X3_ali_2cl0X2_aF2x  3.74 0.61  2.49 0.41 14 40 0.75 0.84 0.52 0.35 
DHV24_2cl6X3_ali_2cl7X4_aF2x  3.49 0.80  2.13 0.41 14 40 0.69 0.77 0.33 0.26 
DHV24_2cl6X3_ali_2clcX4_aF2x  3.62 0.76  2.17 0.38 14 40 0.71 0.79 0.35 0.27 
DHV24_2cl6X3_ali_2evwX4_aF2x  3.47 0.68  2.09 0.37 14 40 0.68 0.80 0.37 0.33 
DHV24_2cl7X4_ali_2ce2X1_aF2x  3.09 0.94  2.03 0.53 14 40 0.57 0.70 0.86 0.41 
DHV24_2cl7X4_ali_2cl0X2_aF2x  2.48 0.78  1.82 0.35 14 40 0.78 0.68 0.58 0.24 
DHV24_2cl7X4_ali_2cl6X3_aF2x  3.49 0.70  2.13 0.36 14 40 0.64 0.80 0.33 0.26 
DHV24_2clcX4_ali_2ce2X1_aF2x  3.06 0.92  1.90 0.51 14 40 0.55 0.70 0.85 0.41 
DHV24_2clcX4_ali_2cl0X2_aF2x  2.36 0.72  1.61 0.31 14 40 0.76 0.69 0.57 0.27 
DHV24_2clcX4_ali_2cl6X3_aF2x  3.62 0.72  2.17 0.38 14 40 0.69 0.80 0.35 0.27 
DHV24_2evwX4_ali_2ce2X1_aF2x  2.93 0.85  1.77 0.50 14 40 0.54 0.71 0.82 0.38 
DHV24_2evwX4_ali_2cl0X2_aF2x  2.16 0.76  1.34 0.31 14 40 0.77 0.65 0.45 0.22 
DHV24_2evwX4_ali_2cl6X3_aF2x  3.47 0.63  2.09 0.29 14 40 0.61 0.82 0.37 0.33 
DHV25_1gqyB1_ali_1p31B2_aF2x 11.30 0.88 10.39 0.46 14 39 0.86 0.92 0.61 0.22 
DHV25_1gqyB1_ali_1p3dA2_aF2x 11.22 0.83 10.29 0.45 14 39 0.86 0.93 0.56 0.21 
DHV25_1p31B2_ali_1gqyB1_aF2x 11.30 0.90 10.39 0.58 14 39 0.82 0.92 0.61 0.22 
DHV25_1p3dA2_ali_1gqyB1_aF2x 11.22 0.89 10.29 0.60 14 39 0.81 0.92 0.56 0.21 
DHV26_2rbtX1_ali_2rbuX2_aF2x  4.43 0.55  5.28 0.47 15 37 0.82 0.88 0.12 0.08 
DHV26_2rbtX1_ali_2rbwX3_aF2x  3.07 0.86  3.55 0.62 15 37 0.66 0.72 0.21 0.15 
DHV26_2rbtX1_ali_2rc2X3_aF2x  3.08 0.86  3.57 0.60 15 37 0.66 0.72 0.12 0.05 
DHV26_2rbuX2_ali_2rbtX1_aF2x  4.43 0.57  5.28 0.44 15 37 0.75 0.87 0.12 0.08 
DHV26_2rbuX2_ali_2rbvX1_aF2x  4.41 0.57  5.26 0.44 15 37 0.75 0.87 0.13 0.10 
DHV26_2rbuX2_ali_2rbwX3_aF2x  2.43 0.52  2.59 0.38 15 37 0.85 0.79 0.23 0.09 
DHV26_2rbuX2_ali_2rbxX1_aF2x  4.49 0.60  5.36 0.49 15 37 0.75 0.87 0.13 0.05 
DHV26_2rbuX2_ali_2rbyX1_aF2x  4.46 0.57  5.31 0.45 15 37 0.75 0.87 0.11 0.06 
DHV26_2rbuX2_ali_2rbzX1_aF2x  4.51 0.59  5.38 0.47 15 37 0.75 0.87 0.17 0.07 
DHV26_2rbuX2_ali_2rc0X1_aF2x  4.51 0.54  5.38 0.46 15 37 0.75 0.88 0.14 0.06 
DHV26_2rbuX2_ali_2rc2X3_aF2x  2.40 0.53  2.56 0.39 15 37 0.86 0.78 0.21 0.08 
DHV26_2rbvX1_ali_2rbuX2_aF2x  4.41 0.54  5.26 0.42 15 37 0.82 0.88 0.13 0.10 
DHV26_2rbvX1_ali_2rbwX3_aF2x  3.06 0.85  3.53 0.61 15 37 0.66 0.72 0.22 0.18 
DHV26_2rbvX1_ali_2rc2X3_aF2x  3.07 0.84  3.55 0.59 15 37 0.66 0.73 0.11 0.06 
DHV26_2rbwX3_ali_2rbtX1_aF2x  3.07 0.50  3.55 0.43 15 37 0.68 0.84 0.21 0.15 
DHV26_2rbwX3_ali_2rbuX2_aF2x  2.43 0.70  2.59 0.54 15 37 0.89 0.71 0.23 0.09 
DHV26_2rbwX3_ali_2rbvX1_aF2x  3.06 0.49  3.53 0.43 15 37 0.67 0.84 0.22 0.18 
DHV26_2rbwX3_ali_2rbxX1_aF2x  3.16 0.51  3.68 0.46 15 37 0.67 0.84 0.20 0.11 
DHV26_2rbwX3_ali_2rbyX1_aF2x  3.10 0.50  3.59 0.44 15 37 0.67 0.84 0.16 0.10 
DHV26_2rbwX3_ali_2rbzX1_aF2x  3.16 0.50  3.68 0.44 15 37 0.68 0.84 0.22 0.15 
DHV26_2rbwX3_ali_2rc0X1_aF2x  3.13 0.50  3.67 0.45 15 37 0.68 0.84 0.16 0.09 
DHV26_2rbxX1_ali_2rbuX2_aF2x  4.49 0.56  5.36 0.47 15 37 0.82 0.88 0.13 0.05 
DHV26_2rbxX1_ali_2rbwX3_aF2x  3.16 0.86  3.68 0.63 15 37 0.66 0.73 0.20 0.11 
DHV26_2rbxX1_ali_2rc2X3_aF2x  3.17 0.85  3.70 0.62 15 37 0.66 0.73 0.16 0.05 
DHV26_2rbyX1_ali_2rbuX2_aF2x  4.46 0.55  5.31 0.43 15 37 0.82 0.88 0.11 0.06 
DHV26_2rbyX1_ali_2rbwX3_aF2x  3.10 0.58  3.59 0.52 15 37 0.65 0.81 0.16 0.10 
DHV26_2rbyX1_ali_2rc2X3_aF2x  3.11 0.85  3.61 0.60 15 37 0.66 0.73 0.10 0.04 
DHV26_2rbzX1_ali_2rbuX2_aF2x  4.51 0.57  5.38 0.47 15 37 0.83 0.87 0.17 0.07 
DHV26_2rbzX1_ali_2rbwX3_aF2x  3.16 0.59  3.68 0.51 15 37 0.67 0.81 0.22 0.15 
DHV26_2rbzX1_ali_2rc2X3_aF2x  3.16 0.85  3.69 0.61 15 37 0.67 0.73 0.16 0.05 
DHV26_2rc0X1_ali_2rbuX2_aF2x  4.51 0.52  5.38 0.42 15 37 0.82 0.88 0.14 0.06 
DHV26_2rc0X1_ali_2rbwX3_aF2x  3.13 0.86  3.67 0.63 15 37 0.67 0.72 0.16 0.09 
DHV26_2rc0X1_ali_2rc2X3_aF2x  3.14 0.86  3.68 0.61 15 37 0.67 0.73 0.12 0.05 
DHV26_2rc2X3_ali_2rbtX1_aF2x  3.08 0.49  3.57 0.44 15 37 0.68 0.84 0.12 0.05 
DHV26_2rc2X3_ali_2rbuX2_aF2x  2.40 0.68  2.56 0.52 15 37 0.89 0.72 0.21 0.08 
DHV26_2rc2X3_ali_2rbvX1_aF2x  3.07 0.48  3.55 0.43 15 37 0.67 0.84 0.11 0.06 
DHV26_2rc2X3_ali_2rbxX1_aF2x  3.17 0.50  3.70 0.47 15 37 0.67 0.84 0.16 0.05 
DHV26_2rc2X3_ali_2rbyX1_aF2x  3.11 0.49  3.61 0.44 15 37 0.67 0.84 0.10 0.04 
DHV26_2rc2X3_ali_2rbzX1_aF2x  3.16 0.49  3.69 0.44 15 37 0.69 0.85 0.16 0.05 
DHV26_2rc2X3_ali_2rc0X1_aF2x  3.14 0.50  3.68 0.46 15 37 0.68 0.84 0.12 0.05 
DHV27_5ktaA1_ali_5ktcA2_aF2x  8.38 1.12  7.34 1.07 15 44 0.85 0.87 0.64 0.29 
DHV27_5ktaA1_ali_5ktdA2_aF2x  8.34 1.11  7.32 1.07 15 44 0.85 0.87 0.60 0.26 
DHV27_5ktcA2_ali_5ktaA1_aF2x  8.38 0.86  7.34 0.87 15 44 0.86 0.90 0.64 0.29 
DHV27_5ktdA2_ali_5ktaA1_aF2x  8.34 0.86  7.32 0.87 15 44 0.85 0.90 0.60 0.26 
DHV28_2yjdB2_ali_3omqA2_aF2x  2.94 0.77  2.37 0.37 15 36 0.84 0.74 0.49 0.12 
DHV28_3omqA2_ali_2yjdB2_aF2x  2.94 0.85  2.37 0.40 15 36 0.82 0.71 0.49 0.12 
DHV29_3illA1_ali_3iloA2_aF2x  8.13 1.29  5.01 1.13 15 40 0.77 0.84 0.50 0.17 
DHV29_3iloA2_ali_3illA1_aF2x  8.13 1.49  5.01 0.98 15 40 0.78 0.82 0.50 0.17 
DHV30_2xguA1_ali_2xgyA2_aF2x  7.08 0.79  7.16 0.46 15 29 0.96 0.89 0.60 0.11 
DHV30_2xgyA2_ali_2xguA1_aF2x  7.08 1.03  7.16 0.85 15 29 0.95 0.85 0.60 0.11 
#-----------------------------------------------------------------------
#Avg(226):                    4.66 0.86  4.02 0.56 13 35 0.78 0.79 0.40 0.190
#Sig(226):                    2.28 0.29  2.20 0.25  2  4 0.11 0.09 0.24 0.110
#Med(226):                    3.87 0.83  3.57 0.48 13 35 0.81 0.80 0.36 0.170
