# Morphing                 Delta0    RmsdA    RmsdI    RmsdF    RmsdD   Motion N_res N_dh
DHV03_4kfrB1_ali_4kfuA2  0.914557 1.033741 4.522810 0.396327 4.126483 0.912372 10 20
DHV03_4kfuA2_ali_4kfrB1  0.904544 1.033741 4.509773 0.641289 3.868483 0.857800 10 20
DHV04_3waeA1_ali_3wafB2  0.886132 0.535413 3.114066 0.362634 2.751432 0.883550 10 19
DHV04_3wafB2_ali_3waeA1  0.894986 0.535413 3.107748 0.900004 2.207744 0.710400 10 19
DHV06_1xbbA1_ali_4fyoA2  0.960376 0.864298 3.126215 0.884799 2.241416 0.716974 11 22
DHV06_1xbbA1_ali_4i0sA2  0.966153 1.103826 3.763395 1.097007 2.666388 0.708506 11 22
DHV06_1xbbA1_ali_4i0tA2  0.894712 0.818166 2.575481 1.285531 1.289950 0.500858 11 22
DHV06_4fyoA2_ali_1xbbA1  0.934099 0.864298 3.135041 0.708266 2.426775 0.774081 11 22
DHV06_4i0sA2_ali_1xbbA1  0.936229 1.103826 3.772413 0.817759 2.954653 0.783226 11 22
DHV06_4i0sA2_ali_4i0tA2  0.934878 0.667877 2.804282 1.118169 1.686113 0.601264 11 22
DHV06_4i0tA2_ali_1xbbA1  0.915075 0.818166 2.579976 0.955843 1.624134 0.629515 11 22
DHV06_4i0tA2_ali_4i0sA2  0.924453 0.667877 2.796665 0.691234 2.105431 0.752836 11 22
DHV08_2vovA1_ali_2voxA2  0.863199 0.549485 3.032263 0.370274 2.661990 0.877889 11 21
DHV08_2voxA2_ali_2vovA1  0.881333 0.549485 3.034107 0.379442 2.654665 0.874941 11 21
DHV09_2q9fA1_ali_3mdmA2  0.906364 1.111509 4.762760 0.953933 3.808826 0.799710 11 21
DHV09_3mdmA2_ali_2q9fA1  0.848659 1.111509 4.757334 1.197552 3.559782 0.748272 11 21
DHV10_3irsC1_ali_3k4wL2  0.920483 0.833454 4.373157 0.744302 3.628855 0.829802 11 22
DHV10_3k4wL2_ali_3irsC1  0.928275 0.833454 4.332904 0.715172 3.617732 0.834944 11 22
DHV13_2pa5A1_ali_4iczA2  0.952254 0.575739 3.347601 0.483321 2.864280 0.855622 12 22
DHV13_4ge2A1_ali_4iczA2  0.952577 0.547937 3.377735 0.482477 2.895258 0.857160 12 22
DHV13_4iczA2_ali_2pa5A1  0.945278 0.575739 3.338403 0.906942 2.431461 0.728331 12 22
DHV13_4iczA2_ali_4ge2A1  0.947027 0.547937 3.379608 0.890256 2.489352 0.736580 12 22
DHV14_4jhxA1_ali_4kwtC2  0.740244 1.023589 2.840143 0.522430 2.317713 0.816055 12 23
DHV14_4kwtC2_ali_4jhxA1  0.818684 1.023589 2.843413 0.602326 2.241087 0.788168 12 23
DHV15_3agnA1_ali_3ahwA3  0.923496 0.740825 5.513085 0.524566 4.988519 0.904851 12 22
DHV15_3agoA2_ali_3ahwA3  0.872808 0.838803 5.317299 0.455185 4.862115 0.914396 12 22
DHV15_3ahwA3_ali_3agnA1  0.868949 0.740825 5.503693 0.519239 4.984454 0.905656 12 22
DHV15_3ahwA3_ali_3agoA2  0.847030 0.838803 5.319358 0.462498 4.856860 0.913054 12 22
DHV18_3m7wD1_ali_4guiB2  0.946354 0.678469 4.367940 0.590528 3.777412 0.864804 13 25
DHV18_3m7wD1_ali_4gujB2  0.946420 0.682733 4.357606 0.333770 4.023836 0.923405 13 25
DHV18_3oexB1_ali_4guiB2  0.950844 0.507319 4.556359 0.293297 4.263062 0.935629 13 25
DHV18_4gfsA1_ali_4guiB2  0.947597 0.553654 4.542559 0.344150 4.198409 0.924239 13 25
DHV18_4gfsA1_ali_4gujB2  0.947134 0.545175 4.538670 0.358943 4.179727 0.920915 13 25
DHV18_4guiB2_ali_3m7wD1  0.940716 0.678469 4.366348 0.524887 3.841461 0.879788 13 25
DHV18_4guiB2_ali_3oexB1  0.946759 0.507319 4.560551 0.522801 4.037749 0.885364 13 25
DHV18_4guiB2_ali_4gfsA1  0.944714 0.553654 4.544101 0.416450 4.127651 0.908354 13 25
DHV18_4gujB2_ali_3m7wD1  0.942501 0.682733 4.353333 0.382996 3.970337 0.912022 13 25
DHV18_4gujB2_ali_4gfsA1  0.946647 0.545175 4.537771 0.352390 4.185381 0.922343 13 25
DHV19_1dg3A1_ali_1f5nA2  0.943706 0.808790 5.370720 0.876050 4.494670 0.836884 13 26
DHV19_1f5nA2_ali_1dg3A1  0.938650 0.808790 5.379486 0.936108 4.443378 0.825986 13 26
DHV24_2ce2X1_ali_2cl6X3  0.848153 0.874287 2.430626 0.782908 1.647718 0.677899 14 27
DHV24_2ce2X1_ali_2cl7X4  0.727677 0.862228 1.688083 0.585481 1.102602 0.653168 14 27
DHV24_2ce2X1_ali_2clcX4  0.683323 0.848457 1.607413 0.574183 1.033231 0.642791 14 27
DHV24_2ce2X1_ali_2evwX4  0.641049 0.863699 1.585269 0.890736 0.694533 0.438117 14 27
DHV24_2cl0X2_ali_2cl6X3  0.834622 0.544964 2.352629 0.361530 1.991099 0.846329 14 27
DHV24_2cl0X2_ali_2cl7X4  0.925945 0.591132 1.502647 0.397591 1.105057 0.735406 14 27
DHV24_2cl0X2_ali_2clcX4  0.932990 0.576183 1.367403 0.352444 1.014960 0.742253 14 27
DHV24_2cl0X2_ali_2evwX4  0.897184 0.560934 1.191393 0.368700 0.822693 0.690530 14 27
DHV24_2cl6X3_ali_2ce2X1  0.837704 0.874287 2.420277 0.680870 1.739407 0.718681 14 27
DHV24_2cl6X3_ali_2cl0X2  0.912275 0.544964 2.349755 0.432119 1.917636 0.816101 14 27
DHV24_2cl7X4_ali_2ce2X1  0.712505 0.862228 1.692250 0.679810 1.012440 0.598280 14 27
DHV24_2cl7X4_ali_2cl0X2  0.930983 0.591132 1.496597 0.381802 1.114795 0.744887 14 27
DHV24_2clcX4_ali_2ce2X1  0.655852 0.848457 1.609676 0.410148 1.199528 0.745198 14 27
DHV24_2clcX4_ali_2cl0X2  0.928867 0.576183 1.368814 0.334471 1.034343 0.755649 14 27
DHV24_2evwX4_ali_2ce2X1  0.653592 0.863699 1.584857 0.465756 1.119102 0.706121 14 27
DHV24_2evwX4_ali_2cl0X2  0.900576 0.560934 1.189639 0.321261 0.868378 0.729951 14 27
DHV25_1gqyB1_ali_1p31B2  0.943742 0.608194 9.497833 0.267622 9.230211 0.971823 14 27
DHV25_1gqyB1_ali_1p3dA2  0.945267 0.559743 9.534879 0.246044 9.288835 0.974195 14 27
DHV25_1p31B2_ali_1gqyB1  0.921505 0.608194 9.503075 0.752379 8.750695 0.920828 14 27
DHV25_1p3dA2_ali_1gqyB1  0.923295 0.559743 9.542392 0.744278 8.798113 0.922003 14 27
DHV27_5ktaA1_ali_5ktcA2  0.936603 0.636259 7.498583 0.376759 7.121825 0.949756 15 30
DHV27_5ktaA1_ali_5ktdA2  0.936582 0.602834 7.481007 0.353876 7.127131 0.952697 15 30
DHV27_5ktcA2_ali_5ktaA1  0.942028 0.636259 7.496233 0.747330 6.748903 0.900306 15 30
DHV27_5ktdA2_ali_5ktaA1  0.940588 0.602834 7.479917 0.640687 6.839231 0.914346 15 30
DHV29_3illA1_ali_3iloA2  0.900416 0.574008 4.771385 0.755369 4.016016 0.841688 15 29
DHV29_3iloA2_ali_3illA1  0.890273 0.574008 4.784379 0.643369 4.141010 0.865527 15 29
DHV30_2xguA1_ali_2xgyA2  0.976679 0.658150 7.619885 0.658851 6.961035 0.913535 15 24
DHV30_2xgyA2_ali_2xguA1  0.977497 0.658150 7.628449 0.811846 6.816604 0.893577 15 24
