# Morphing                 Delta0    RmsdA   RmsdA2    RmsdI    RmsdF    RmsdD   Motion N_res N_dh
DHV01_3iu1B1_ali_3iu2A2_af2  0.873022 0.205789 0.099331 3.335116 0.416584 2.918532 0.875092 10 19
DHV01_3iu1B1_ali_3iweA2_af2  0.889529 0.181691 0.139791 3.513649 0.455079 3.058570 0.870483 10 19
DHV01_3iu1B1_ali_3jtkA2_af2  0.893581 0.291153 0.154663 3.576497 0.479203 3.097294 0.866013 10 19
DHV01_3iu2A2_ali_3iu1B1_af2  0.895042 0.205789 0.099331 3.339756 0.498513 2.841243 0.850734 10 19
DHV01_3iweA2_ali_3iu1B1_af2  0.889841 0.181691 0.139791 3.516328 0.701341 2.814986 0.800547 10 19
DHV01_3jtkA2_ali_3iu1B1_af2  0.899643 0.291153 0.154663 3.576716 0.636287 2.940428 0.822103 10 19
DHV02_4hidA1_ali_4hj7A2_af2  0.821771 0.481952 0.232348 2.296466 0.348902 1.947564 0.848070 10 20
DHV02_4hikA1_ali_4hj7A2_af2  0.852328 0.487321 0.156836 2.448179 0.295206 2.152973 0.879418 10 20
DHV02_4himA1_ali_4hj7A2_af2  0.861953 0.462736 0.117803 2.551186 0.299862 2.251324 0.882462 10 20
DHV02_4hioA1_ali_4hj7A2_af2  0.856323 0.419630 0.176310 2.504218 0.320012 2.184206 0.872211 10 20
DHV02_4hj7A2_ali_4hidA1_af2  0.770906 0.481952 0.232348 2.298377 0.284415 2.013962 0.876254 10 20
DHV02_4hj7A2_ali_4hikA1_af2  0.808375 0.487321 0.156836 2.449785 0.180860 2.268925 0.926173 10 20
DHV02_4hj7A2_ali_4himA1_af2  0.821676 0.462736 0.117803 2.551524 0.170812 2.380713 0.933055 10 20
DHV02_4hj7A2_ali_4hioA1_af2  0.823745 0.419630 0.176310 2.508689 0.222207 2.286482 0.911425 10 20
DHV02_4hj7A2_ali_4hj9A1_af2  0.803400 0.384794 0.125059 2.385311 0.235704 2.149607 0.901185 10 20
DHV02_4hj9A1_ali_4hj7A2_af2  0.845768 0.384794 0.125059 2.378077 0.351493 2.026584 0.852195 10 20
DHV03_4kfrB1_ali_4kfuA2_af2  0.933938 1.033741 0.501180 5.134265 0.863496 4.270769 0.831817 10 20
DHV03_4kfuA2_ali_4kfrB1_af2  0.903334 1.033741 0.501180 5.126832 0.667874 4.458958 0.869730 10 20
DHV04_3waeA1_ali_3wafB2_af2  0.885744 0.535413 0.231242 3.253134 0.288750 2.964383 0.911239 10 19
DHV04_3wafB2_ali_3waeA1_af2  0.908759 0.535413 0.231242 3.233282 0.840719 2.392564 0.739980 10 19
DHV05_3mp6A1_ali_3mp8A2_af2  0.920384 0.473150 0.267923 4.937137 1.151256 3.785881 0.766817 10 18
DHV05_3mp8A2_ali_3mp6A1_af2  0.923261 0.473150 0.267923 4.937185 0.653200 4.283985 0.867698 10 18
DHV06_1xbbA1_ali_4fyoA2_af2  0.947075 0.864298 0.275076 2.154201 0.316211 1.837990 0.853212 11 22
DHV06_1xbbA1_ali_4i0sA2_af2  0.965271 1.103826 0.276963 2.351095 0.269242 2.081853 0.885482 11 22
DHV06_4fyoA2_ali_1xbbA1_af2  0.927855 0.864298 0.275076 2.157325 0.202958 1.954367 0.905921 11 22
DHV06_4i0sA2_ali_1xbbA1_af2  0.954604 1.103826 0.276963 2.360031 0.205960 2.154071 0.912730 11 22
DHV06_4i0sA2_ali_4i0tA2_af2  0.926362 0.667877 0.244579 2.220120 0.867253 1.352867 0.609366 11 22
DHV06_4i0tA2_ali_4i0sA2_af2  0.919401 0.667877 0.244579 2.213832 0.515875 1.697956 0.766976 11 22
DHV07_3n4fA1_ali_3qpeD2_af2  0.917828 0.382532 0.206372 4.131625 0.271505 3.860120 0.934286 11 22
DHV07_3n4fA1_ali_3vccA2_af2  0.914265 0.493951 0.231973 4.086864 0.317430 3.769434 0.922329 11 22
DHV07_3qpeD2_ali_3n4fA1_af2  0.923338 0.382532 0.206372 4.135175 0.289269 3.845906 0.930047 11 22
DHV07_3vccA2_ali_3n4fA1_af2  0.921504 0.493951 0.231973 4.081970 0.326881 3.755089 0.919921 11 22
DHV08_2vovA1_ali_2voxA2_af2  0.873135 0.549485 0.263308 3.066231 0.288495 2.777736 0.905912 11 21
DHV08_2voxA2_ali_2vovA1_af2  0.888728 0.549485 0.263308 3.069639 0.280258 2.789381 0.908700 11 21
DHV09_2q9fA1_ali_3mdmA2_af2  0.904032 1.111509 0.541322 4.653430 0.894764 3.758666 0.807719 11 21
DHV09_3mdmA2_ali_2q9fA1_af2  0.819314 1.111509 0.541322 4.647559 1.120593 3.526966 0.758886 11 21
DHV10_3irsC1_ali_3k4wL2_af2  0.921720 0.833454 0.355077 4.187895 0.537444 3.650452 0.871667 11 22
DHV10_3k4wL2_ali_3irsC1_af2  0.930538 0.833454 0.355077 4.152153 0.509080 3.643073 0.877394 11 22
DHV11_3gnoA1_ali_3gnpA1_af2  0.908365 0.188395 0.065794 4.306742 0.181908 4.124834 0.957762 12 24
DHV11_3gnpA1_ali_3gnoA1_af2  0.925635 0.188395 0.065794 4.302279 0.716685 3.585594 0.833417 12 24
DHV11_3gnpA1_ali_3gnrA2_af2  0.927786 0.230490 0.079314 4.278215 0.694352 3.583863 0.837700 12 24
DHV11_3gnrA2_ali_3gnpA1_af2  0.907113 0.230490 0.079314 4.282586 0.232206 4.050379 0.945779 12 24
DHV12_4fj7A1_ali_4fjnA2_af2  0.970930 0.230996 0.154868 6.627415 0.811773 5.815642 0.877513 12 24
DHV12_4fj9A1_ali_4fjnA2_af2  0.970343 0.235499 0.167337 6.627740 0.667027 5.960712 0.899358 12 24
DHV12_4fjjA1_ali_4fjnA2_af2  0.969691 0.232577 0.151275 6.793940 0.674426 6.119514 0.900731 12 24
DHV12_4fjlA1_ali_4fjnA2_af2  0.975796 0.150182 0.055559 7.293583 0.690915 6.602669 0.905271 12 24
DHV12_4fjnA2_ali_4fj7A1_af2  0.972094 0.230996 0.154868 6.617790 0.612633 6.005157 0.907426 12 24
DHV12_4fjnA2_ali_4fj9A1_af2  0.972019 0.235499 0.167337 6.612824 0.657156 5.955667 0.900624 12 24
DHV12_4fjnA2_ali_4fjjA1_af2  0.972617 0.232577 0.151275 6.782060 0.675768 6.106292 0.900359 12 24
DHV12_4fjnA2_ali_4fjlA1_af2  0.973011 0.150182 0.055559 7.292901 0.577685 6.715216 0.920788 12 24
DHV12_4fjnA2_ali_4fk2A1_af2  0.971983 0.268248 0.206304 6.611596 0.555647 6.055949 0.915959 12 24
DHV12_4fjnA2_ali_4fk4A1_af2  0.971003 0.151723 0.110541 6.833456 0.538065 6.295391 0.921260 12 24
DHV12_4fjnA2_ali_4m3tA1_af2  0.971351 0.215160 0.171391 6.637968 0.531609 6.106359 0.919914 12 24
DHV12_4fjnA2_ali_4m3yA1_af2  0.971348 0.126224 0.083947 6.942058 0.623381 6.318676 0.910202 12 24
DHV12_4fjnA2_ali_4m3zA1_af2  0.971677 0.169872 0.131921 6.874537 0.550954 6.323584 0.919856 12 24
DHV12_4fjnA2_ali_4m45A1_af2  0.969516 0.183796 0.084736 8.028712 0.639611 7.389101 0.920335 12 24
DHV12_4fk2A1_ali_4fjnA2_af2  0.967889 0.268248 0.206304 6.625737 0.687150 5.938587 0.896291 12 24
DHV12_4fk4A1_ali_4fjnA2_af2  0.967201 0.151723 0.110541 6.839449 0.672289 6.167161 0.901704 12 24
DHV12_4m3tA1_ali_4fjnA2_af2  0.969343 0.215160 0.171391 6.652183 0.681258 5.970925 0.897589 12 24
DHV12_4m3yA1_ali_4fjnA2_af2  0.967587 0.126224 0.083947 6.946532 0.668183 6.278348 0.903811 12 24
DHV12_4m3zA1_ali_4fjnA2_af2  0.968517 0.169872 0.131921 6.881768 0.679404 6.202364 0.901275 12 24
DHV12_4m45A1_ali_4fjnA2_af2  0.970476 0.183796 0.084736 8.025840 0.797317 7.228522 0.900656 12 24
DHV13_2pa5A1_ali_4iczA2_af2  0.955751 0.575739 0.300165 3.151894 0.380822 2.771072 0.879177 12 22
DHV13_4ge2A1_ali_4iczA2_af2  0.958382 0.547937 0.240643 3.239071 0.357693 2.881378 0.889569 12 22
DHV13_4ge6B1_ali_4iczA2_af2  0.949560 0.472325 0.362091 3.066439 0.386548 2.679891 0.873942 12 22
DHV13_4iczA2_ali_2pa5A1_af2  0.950567 0.575739 0.300165 3.137553 0.629289 2.508264 0.799433 12 22
DHV13_4iczA2_ali_4ge2A1_af2  0.954241 0.547937 0.240643 3.241268 0.611748 2.629520 0.811263 12 22
DHV13_4iczA2_ali_4ge6B1_af2  0.947060 0.472325 0.362091 3.053990 0.611993 2.441997 0.799609 12 22
DHV14_4jhxA1_ali_4kwtC2_af2  0.774848 1.023589 0.136719 2.756269 0.239303 2.516966 0.913179 12 23
DHV14_4kwtC2_ali_4jhxA1_af2  0.835648 1.023589 0.136719 2.755461 0.266352 2.489109 0.903337 12 23
DHV15_3agnA1_ali_3agoA2_af2  0.888070 0.265100 0.120642 7.033844 0.616725 6.417119 0.912320 12 22
DHV15_3agnA1_ali_3ahwA3_af2  0.934017 0.740825 0.426908 5.964706 0.497525 5.467181 0.916588 12 22
DHV15_3agoA2_ali_3agnA1_af2  0.827062 0.265100 0.120642 7.035698 1.460479 5.575219 0.792419 12 22
DHV15_3agoA2_ali_3ahwA3_af2  0.843463 0.838803 0.336767 4.341334 0.339945 4.001389 0.921696 12 22
DHV15_3ahwA3_ali_3agnA1_af2  0.872636 0.740825 0.426908 5.954927 0.501073 5.453854 0.915856 12 22
DHV15_3ahwA3_ali_3agoA2_af2  0.796300 0.838803 0.336767 4.341083 0.334350 4.006733 0.922980 12 22
DHV16_1a4uB1_ali_1b16B2_af2  0.740098 0.219767 0.148952 2.442609 0.192241 2.250368 0.921297 13 25
DHV16_1a4uB1_ali_1sbyB2_af2  0.731838 0.163138 0.088787 2.400165 0.222526 2.177639 0.907287 13 25
DHV16_1b16B2_ali_1a4uB1_af2  0.766836 0.219767 0.148952 2.430515 0.622815 1.807700 0.743752 13 25
DHV16_1b16B2_ali_1b2lA3_af2  0.937396 0.307232 0.066849 3.282340 0.318660 2.963680 0.902917 13 25
DHV16_1b2lA3_ali_1b16B2_af2  0.891492 0.307232 0.066849 3.294059 0.162359 3.131700 0.950711 13 25
DHV16_1b2lA3_ali_1sbyB2_af2  0.899108 0.332750 0.056467 3.198208 0.169319 3.028889 0.947058 13 25
DHV16_1sbyB2_ali_1a4uB1_af2  0.758804 0.163138 0.088787 2.384028 0.561267 1.822761 0.764572 13 25
DHV16_1sbyB2_ali_1b2lA3_af2  0.933947 0.332750 0.056467 3.179338 0.210350 2.968987 0.933838 13 25
DHV17_3hszA1_ali_3ht0A2_af2  0.960234 0.329077 0.223442 10.631719 0.647430 9.984288 0.939104 13 25
DHV17_3ht0A2_ali_3hszA1_af2  0.969144 0.329077 0.223442 10.679122 0.745248 9.933874 0.930215 13 25
DHV18_3m7wD1_ali_4guiB2_af2  0.939928 0.678469 0.141740 3.713618 0.524203 3.189415 0.858843 13 25
DHV18_3m7wD1_ali_4gujB2_af2  0.943377 0.682733 0.161615 3.816149 0.529262 3.286888 0.861310 13 25
DHV18_3oexB1_ali_4guiB2_af2  0.942806 0.507319 0.131427 3.904013 0.185064 3.718949 0.952596 13 25
DHV18_3oexB1_ali_4gujB2_af2  0.945586 0.467579 0.102862 4.024699 0.219640 3.805059 0.945427 13 25
DHV18_4gfsA1_ali_4guiB2_af2  0.942119 0.553654 0.167824 3.986016 0.239259 3.746756 0.939975 13 25
DHV18_4gfsA1_ali_4gujB2_af2  0.944473 0.545175 0.177241 4.106136 0.280472 3.825664 0.931694 13 25
DHV18_4guiB2_ali_3m7wD1_af2  0.928421 0.678469 0.141740 3.716592 0.486945 3.229647 0.868981 13 25
DHV18_4guiB2_ali_3oexB1_af2  0.936042 0.507319 0.131427 3.906608 0.336780 3.569829 0.913792 13 25
DHV18_4guiB2_ali_4gfsA1_af2  0.935968 0.553654 0.167824 3.987273 0.366832 3.620441 0.907999 13 25
DHV18_4gujB2_ali_3m7wD1_af2  0.933255 0.682733 0.161615 3.815716 0.336579 3.479137 0.911791 13 25
DHV18_4gujB2_ali_3oexB1_af2  0.940485 0.467579 0.102862 4.025963 0.244553 3.781410 0.939256 13 25
DHV18_4gujB2_ali_4gfsA1_af2  0.940240 0.545175 0.177241 4.105845 0.304166 3.801680 0.925919 13 25
DHV19_1dg3A1_ali_1f5nA2_af2  0.938077 0.808790 0.320023 5.268574 0.990702 4.277872 0.811960 13 26
DHV19_1f5nA2_ali_1dg3A1_af2  0.937840 0.808790 0.320023 5.282005 0.985327 4.296678 0.813456 13 26
DHV20_3phgA1_ali_3phhA2_af2  0.899382 0.396831 0.096005 3.258847 0.692391 2.566457 0.787535 13 25
DHV20_3phhA2_ali_3phgA1_af2  0.835642 0.396831 0.096005 3.242858 0.173116 3.069742 0.946616 13 25
DHV21_3d05A1_ali_3d06A2_af2  0.831522 0.115927 0.067887 4.361491 0.281219 4.080272 0.935522 14 27
DHV21_3d06A2_ali_3d05A1_af2  0.870004 0.115927 0.067887 4.365375 0.198634 4.166741 0.954498 14 27
DHV22_3v0dB1_ali_3v0fA2_af2  0.908652 0.199602 0.098143 6.684577 0.659021 6.025555 0.901412 14 28
DHV22_3v0dB1_ali_3v0hB3_af2  0.942558 0.426675 0.253303 8.900023 0.661202 8.238822 0.925708 14 28
DHV22_3v0fA2_ali_3v0dB1_af2  0.923572 0.199602 0.098143 6.680793 0.699369 5.981424 0.895317 14 28
DHV22_3v0fA2_ali_3v0gB1_af2  0.904152 0.335120 0.233891 7.096502 0.697597 6.398905 0.901698 14 28
DHV22_3v0fA2_ali_3v0hB3_af2  0.957183 0.417482 0.283511 8.865504 1.137851 7.727654 0.871654 14 28
DHV22_3v0gB1_ali_3v0fA2_af2  0.893193 0.335120 0.233891 7.095607 0.883133 6.212474 0.875538 14 28
DHV22_3v0gB1_ali_3v0hB3_af2  0.932369 0.295790 0.125024 8.698244 0.737080 7.961164 0.915261 14 28
DHV22_3v0hB3_ali_3v0dB1_af2  0.938932 0.426675 0.253303 8.893203 0.914738 7.978465 0.897142 14 28
DHV22_3v0hB3_ali_3v0fA2_af2  0.959394 0.417482 0.283511 8.866715 0.605357 8.261358 0.931727 14 28
DHV22_3v0hB3_ali_3v0gB1_af2  0.934979 0.295790 0.125024 8.698774 0.772183 7.926591 0.911231 14 28
DHV23_4mxrB1_ali_4myfA2_af2  0.979787 0.255235 0.099261 2.946256 0.229056 2.717200 0.922255 14 27
DHV23_4mxrB1_ali_4mykA2_af2  0.977383 0.250659 0.134296 2.775231 0.229406 2.545825 0.917338 14 27
DHV23_4mxrB1_ali_4mylA2_af2  0.979056 0.294748 0.097661 2.839002 0.224948 2.614054 0.920765 14 27
DHV23_4myfA2_ali_4mxrB1_af2  0.979346 0.255235 0.099261 2.922910 0.316484 2.606426 0.891723 14 27
DHV23_4mykA2_ali_4mxrB1_af2  0.979939 0.250659 0.134296 2.747241 0.257260 2.489982 0.906357 14 27
DHV23_4mylA2_ali_4mxrB1_af2  0.981243 0.294748 0.097661 2.826713 0.283469 2.543244 0.899718 14 27
DHV24_2ce2X1_ali_2cl6X3_af2  0.852608 0.874287 0.540809 2.411093 1.017456 1.393637 0.578010 14 27
DHV24_2ce2X1_ali_2cl7X4_af2  0.821665 0.862228 0.408812 2.010166 0.908966 1.101200 0.547816 14 27
DHV24_2cl0X2_ali_2cl6X3_af2  0.863679 0.544964 0.347525 2.474438 0.584436 1.890002 0.763811 14 27
DHV24_2cl6X3_ali_2ce2X1_af2  0.834223 0.874287 0.540809 2.405079 0.661256 1.743823 0.725059 14 27
DHV24_2cl6X3_ali_2cl0X2_af2  0.926424 0.544964 0.347525 2.475529 0.291290 2.184239 0.882332 14 27
DHV24_2cl6X3_ali_2cl7X4_af2  0.901605 0.328682 0.260473 2.110257 0.306443 1.803814 0.854784 14 27
DHV24_2cl6X3_ali_2clcX4_af2  0.915315 0.341435 0.269923 2.151752 0.270659 1.881094 0.874215 14 27
DHV24_2cl6X3_ali_2evwX4_af2  0.889683 0.396526 0.327482 2.083376 0.305297 1.778079 0.853461 14 27
DHV24_2cl7X4_ali_2ce2X1_af2  0.802398 0.862228 0.408812 2.011934 0.372550 1.639384 0.814830 14 27
DHV24_2cl7X4_ali_2cl6X3_af2  0.851526 0.328682 0.260473 2.101207 0.307085 1.794122 0.853853 14 27
DHV24_2clcX4_ali_2cl6X3_af2  0.866220 0.341435 0.269923 2.150605 0.295118 1.855487 0.862774 14 27
DHV24_2evwX4_ali_2cl6X3_af2  0.795588 0.396526 0.327482 2.072659 0.313717 1.758942 0.848640 14 27
DHV25_1gqyB1_ali_1p31B2_af2  0.949431 0.608194 0.220274 10.366976 0.823054 9.543922 0.920608 14 27
DHV25_1gqyB1_ali_1p3dA2_af2  0.949394 0.559743 0.207276 10.273890 1.367688 8.906202 0.866877 14 27
DHV25_1p31B2_ali_1gqyB1_af2  0.929518 0.608194 0.220274 10.370522 0.527133 9.843389 0.949170 14 27
DHV25_1p3dA2_ali_1gqyB1_af2  0.929682 0.559743 0.207276 10.279330 0.476785 9.802546 0.953617 14 27
DHV26_2rbtX1_ali_2rbuX2_af2  0.919870 0.115277 0.081330 5.267723 0.298895 4.968828 0.943259 15 29
DHV26_2rbtX1_ali_2rbwX3_af2  0.840632 0.205755 0.151774 3.537133 0.535694 3.001440 0.848551 15 29
DHV26_2rbtX1_ali_2rc2X3_af2  0.840095 0.124240 0.053890 3.553626 0.516748 3.036877 0.854586 15 29
DHV26_2rbuX2_ali_2rbtX1_af2  0.913628 0.115277 0.081330 5.273575 0.402378 4.871198 0.923699 15 29
DHV26_2rbuX2_ali_2rbvX1_af2  0.915332 0.130104 0.102536 5.246870 0.394536 4.852334 0.924805 15 29
DHV26_2rbuX2_ali_2rbwX3_af2  0.927666 0.174991 0.090153 2.578141 0.294306 2.283835 0.885846 15 29
DHV26_2rbuX2_ali_2rbxX1_af2  0.909027 0.131593 0.049389 5.351685 0.455688 4.895997 0.914852 15 29
DHV26_2rbuX2_ali_2rbyX1_af2  0.910836 0.114173 0.057082 5.303845 0.405086 4.898759 0.923624 15 29
DHV26_2rbuX2_ali_2rbzX1_af2  0.911044 0.173897 0.072839 5.371755 0.434948 4.936807 0.919031 15 29
DHV26_2rbuX2_ali_2rc0X1_af2  0.908573 0.146231 0.055177 5.365721 0.419627 4.946094 0.921795 15 29
DHV26_2rbuX2_ali_2rc2X3_af2  0.930554 0.132506 0.075961 2.546812 0.307756 2.239055 0.879160 15 29
DHV26_2rbvX1_ali_2rbuX2_af2  0.920754 0.130104 0.102536 5.242270 0.301911 4.940359 0.942408 15 29
DHV26_2rbvX1_ali_2rbwX3_af2  0.839691 0.212301 0.175802 3.520547 0.527541 2.993005 0.850154 15 29
DHV26_2rbvX1_ali_2rc2X3_af2  0.839087 0.107230 0.059625 3.536548 0.508565 3.027983 0.856197 15 29
DHV26_2rbwX3_ali_2rbtX1_af2  0.845389 0.205755 0.151774 3.536870 0.422810 3.114060 0.880456 15 29
DHV26_2rbwX3_ali_2rbuX2_af2  0.942114 0.174991 0.090153 2.574624 0.317781 2.256843 0.876572 15 29
DHV26_2rbwX3_ali_2rbvX1_af2  0.841313 0.212301 0.175802 3.519970 0.426729 3.093241 0.878769 15 29
DHV26_2rbwX3_ali_2rbxX1_af2  0.844540 0.198022 0.105473 3.670212 0.437478 3.232734 0.880803 15 29
DHV26_2rbwX3_ali_2rbyX1_af2  0.845017 0.160451 0.102024 3.579507 0.419612 3.159894 0.882774 15 29
DHV26_2rbwX3_ali_2rbzX1_af2  0.850846 0.227527 0.145158 3.664400 0.424542 3.239857 0.884144 15 29
DHV26_2rbwX3_ali_2rc0X1_af2  0.846817 0.157470 0.094350 3.651822 0.437766 3.214056 0.880124 15 29
DHV26_2rbxX1_ali_2rbuX2_af2  0.920108 0.131593 0.049389 5.347684 0.332021 5.015664 0.937913 15 29
DHV26_2rbxX1_ali_2rbwX3_af2  0.840800 0.198022 0.105473 3.670275 0.531535 3.138740 0.855178 15 29
DHV26_2rbxX1_ali_2rc2X3_af2  0.840398 0.158989 0.049230 3.687045 0.516707 3.170338 0.859859 15 29
DHV26_2rbyX1_ali_2rbuX2_af2  0.918146 0.114173 0.057082 5.300412 0.324294 4.976118 0.938817 15 29
DHV26_2rbyX1_ali_2rbwX3_af2  0.834150 0.160451 0.102024 3.579990 0.539985 3.040005 0.849166 15 29
DHV26_2rbyX1_ali_2rc2X3_af2  0.833635 0.104860 0.044733 3.596492 0.524974 3.071519 0.854032 15 29
DHV26_2rbzX1_ali_2rbuX2_af2  0.921061 0.173897 0.072839 5.367476 0.331397 5.036079 0.938258 15 29
DHV26_2rbzX1_ali_2rbwX3_af2  0.842807 0.227527 0.145158 3.664946 0.530616 3.134330 0.855219 15 29
DHV26_2rbzX1_ali_2rc2X3_af2  0.842366 0.158484 0.050668 3.681154 0.519463 3.161690 0.858886 15 29
DHV26_2rc0X1_ali_2rbuX2_af2  0.917592 0.146231 0.055177 5.361804 0.314189 5.047615 0.941402 15 29
DHV26_2rc0X1_ali_2rbwX3_af2  0.840231 0.157470 0.094350 3.654476 0.546116 3.108359 0.850562 15 29
DHV26_2rc0X1_ali_2rc2X3_af2  0.839720 0.122096 0.053080 3.672353 0.523723 3.148629 0.857388 15 29
DHV26_2rc2X3_ali_2rbtX1_af2  0.847672 0.124240 0.053890 3.551384 0.432493 3.118891 0.878218 15 29
DHV26_2rc2X3_ali_2rbuX2_af2  0.941030 0.132506 0.075961 2.542968 0.310329 2.232639 0.877966 15 29
DHV26_2rc2X3_ali_2rbvX1_af2  0.843884 0.107230 0.059625 3.534051 0.435613 3.098438 0.876738 15 29
DHV26_2rc2X3_ali_2rbxX1_af2  0.846596 0.158989 0.049230 3.684462 0.436172 3.248290 0.881618 15 29
DHV26_2rc2X3_ali_2rbyX1_af2  0.847260 0.104860 0.044733 3.593938 0.425030 3.168908 0.881737 15 29
DHV26_2rc2X3_ali_2rbzX1_af2  0.852771 0.158484 0.050668 3.678449 0.427829 3.250620 0.883693 15 29
DHV26_2rc2X3_ali_2rc0X1_af2  0.848830 0.122096 0.053080 3.667140 0.440055 3.227085 0.880000 15 29
DHV27_5ktaA1_ali_5ktcA2_af2  0.933661 0.636259 0.292488 7.327854 0.265251 7.062603 0.963802 15 30
DHV27_5ktaA1_ali_5ktdA2_af2  0.933042 0.602834 0.261757 7.301652 0.262513 7.039139 0.964047 15 30
DHV27_5ktcA2_ali_5ktaA1_af2  0.942313 0.636259 0.292488 7.316352 0.675454 6.640899 0.907679 15 30
DHV27_5ktdA2_ali_5ktaA1_af2  0.940555 0.602834 0.261757 7.290741 0.561627 6.729114 0.922967 15 30
DHV28_2yjdB2_ali_3omqA2_af2  0.945374 0.491929 0.120756 2.365342 0.251869 2.113474 0.893517 15 26
DHV28_3omqA2_ali_2yjdB2_af2  0.920017 0.491929 0.120756 2.348251 0.300806 2.047446 0.871902 15 26
DHV29_3illA1_ali_3iloA2_af2  0.904732 0.574008 0.174616 4.981450 0.760072 4.221378 0.847420 15 29
DHV29_3iloA2_ali_3illA1_af2  0.890642 0.574008 0.174616 4.992419 0.755957 4.236463 0.848579 15 29
DHV30_2xguA1_ali_2xgyA2_af2  0.978713 0.658150 0.105414 7.140575 0.453867 6.686708 0.936438 15 24
DHV30_2xgyA2_ali_2xguA1_af2  0.979133 0.658150 0.105414 7.150121 0.602809 6.547312 0.915693 15 24
