# Morphing                 Delta0    RmsdA    RmsdI    RmsdF    RmsdD   Motion N_res N_dh
#-------------------------------------------------------------------------------
DHV01_3iu1B1_ali_3iu2A2 0.882792 0.205789  3.373858 0.379047  2.994811 0.887652 10 19
DHV01_3iu1B1_ali_3iweA2 0.892640 0.181691  3.510273 0.428553  3.081720 0.877915 10 19
DHV01_3iu1B1_ali_3jtkA2 0.898466 0.291153  3.540332 0.422319  3.118013 0.880712 10 19
DHV01_3iu2A2_ali_3iu1B1 0.899414 0.205789  3.372754 0.375209  2.997545 0.888753 10 19
DHV01_3iu2A2_ali_3iweA2 0.885445 0.134618  0.364778 0.177767  0.187010 0.512669 10 19
DHV01_3iu2A2_ali_3jtkA2 0.927619 0.170409  0.455438 0.176742  0.278697 0.611930 10 19
DHV01_3iweA2_ali_3iu1B1 0.890158 0.181691  3.512525 0.617976  2.894549 0.824065 10 19
DHV01_3iweA2_ali_3iu2A2 0.852770 0.134618  0.367156 0.223908  0.143248 0.390157 10 19
DHV01_3iweA2_ali_3jtkA2 0.911231 0.159430  0.284485 0.130840  0.153644 0.540080 10 19
DHV01_3jtkA2_ali_3iu1B1 0.898380 0.291153  3.539562 0.453523  3.086039 0.871870 10 19
DHV01_3jtkA2_ali_3iu2A2 0.835011 0.170409  0.457710 0.280441  0.177269 0.387296 10 19
DHV01_3jtkA2_ali_3iweA2 0.927765 0.159430  0.286872 0.104880  0.181992 0.634402 10 19
DHV02_4hidA1_ali_4hikA1 0.942816 0.397472  0.814432 0.258053  0.556379 0.683150 10 20
DHV02_4hidA1_ali_4himA1 0.935484 0.331265  0.741996 0.240878  0.501118 0.675364 10 20
DHV02_4hidA1_ali_4hioA1 0.928610 0.176445  0.196188 0.076074  0.120114 0.612239 10 20
DHV02_4hidA1_ali_4hj7A2 0.801699 0.481952  2.236410 0.353202  1.883209 0.842068 10 20
DHV02_4hidA1_ali_4hj9A1 0.930471 0.366178  0.758769 0.276301  0.482468 0.635856 10 20
DHV02_4hikA1_ali_4hidA1 0.942521 0.397472  0.815429 0.282022  0.533407 0.654143 10 20
DHV02_4hikA1_ali_4himA1 0.826258 0.161197  0.153652 0.091167  0.062485 0.406665 10 20
DHV02_4hikA1_ali_4hioA1 0.949162 0.318450  0.745932 0.240203  0.505729 0.677983 10 20
DHV02_4hikA1_ali_4hj7A2 0.816804 0.487321  2.338523 0.312178  2.026345 0.866506 10 20
DHV02_4hikA1_ali_4hj9A1 0.738668 0.164796  0.173542 0.120020  0.053522 0.308408 10 20
DHV02_4himA1_ali_4hidA1 0.936812 0.331265  0.741977 0.275842  0.466135 0.628234 10 20
DHV02_4himA1_ali_4hikA1 0.829684 0.161197  0.153083 0.091921  0.061161 0.399532 10 20
DHV02_4himA1_ali_4hioA1 0.944192 0.254338  0.660460 0.226038  0.434422 0.657757 10 20
DHV02_4himA1_ali_4hj7A2 0.818883 0.462736  2.371363 0.266836  2.104527 0.887476 10 20
DHV02_4himA1_ali_4hj9A1 0.786500 0.132826  0.144934 0.094208  0.050726 0.349994 10 20
DHV02_4hioA1_ali_4hidA1 0.920740 0.176445  0.197474 0.084443  0.113032 0.572387 10 20
DHV02_4hioA1_ali_4hikA1 0.947518 0.318450  0.744775 0.241424  0.503352 0.675844 10 20
DHV02_4hioA1_ali_4himA1 0.939194 0.254338  0.658900 0.223335  0.435565 0.661049 10 20
DHV02_4hioA1_ali_4hj7A2 0.816807 0.419630  2.304208 0.346810  1.957397 0.849488 10 20
DHV02_4hioA1_ali_4hj9A1 0.934803 0.272347  0.686345 0.258709  0.427636 0.623063 10 20
DHV02_4hj7A2_ali_4hidA1 0.746290 0.481952  2.238811 0.356768  1.882044 0.840644 10 20
DHV02_4hj7A2_ali_4hikA1 0.774023 0.487321  2.338716 0.301096  2.037621 0.871256 10 20
DHV02_4hj7A2_ali_4himA1 0.776955 0.462736  2.369826 0.275401  2.094425 0.883789 10 20
DHV02_4hj7A2_ali_4hioA1 0.774053 0.419630  2.307531 0.316022  1.991509 0.863048 10 20
DHV02_4hj7A2_ali_4hj9A1 0.779988 0.384794  2.308832 0.358959  1.949873 0.844528 10 20
DHV02_4hj9A1_ali_4hidA1 0.920726 0.366178  0.760938 0.314621  0.446316 0.586535 10 20
DHV02_4hj9A1_ali_4hikA1 0.750433 0.164796  0.174165 0.120678  0.053487 0.307106 10 20
DHV02_4hj9A1_ali_4himA1 0.768526 0.132826  0.144464 0.099233  0.045231 0.313095 10 20
DHV02_4hj9A1_ali_4hioA1 0.926820 0.272347  0.693007 0.273008  0.419998 0.606052 10 20
DHV02_4hj9A1_ali_4hj7A2 0.817833 0.384794  2.303306 0.336481  1.966825 0.853914 10 20
DHV03_4kfrB1_ali_4kfuA2 0.914557 1.033741  4.522810 0.396327  4.126483 0.912372 10 20
DHV03_4kfuA2_ali_4kfrB1 0.904544 1.033741  4.509773 0.641289  3.868483 0.857800 10 20
DHV04_3waeA1_ali_3wafB2 0.886132 0.535413  3.114066 0.362634  2.751432 0.883550 10 19
DHV04_3wafB2_ali_3waeA1 0.894986 0.535413  3.107748 0.900004  2.207744 0.710400 10 19
DHV05_3mp6A1_ali_3mp8A2 0.915657 0.473150  5.316560 1.447877  3.868683 0.727666 10 18
DHV05_3mp8A2_ali_3mp6A1 0.916555 0.473150  5.319606 0.895224  4.424382 0.831712 10 18
DHV06_1xbbA1_ali_4fyoA2 0.960376 0.864298  3.126215 0.884799  2.241416 0.716974 11 22
DHV06_1xbbA1_ali_4i0sA2 0.966153 1.103826  3.763395 1.097007  2.666388 0.708506 11 22
DHV06_1xbbA1_ali_4i0tA2 0.894712 0.818166  2.575481 1.285531  1.289950 0.500858 11 22
DHV06_4fyoA2_ali_1xbbA1 0.934099 0.864298  3.135041 0.708266  2.426775 0.774081 11 22
DHV06_4fyoA2_ali_4i0sA2 0.965850 0.354051  0.930536 0.212874  0.717662 0.771235 11 22
DHV06_4fyoA2_ali_4i0tA2 0.889559 0.484244  2.068100 0.911066  1.157034 0.559467 11 22
DHV06_4i0sA2_ali_1xbbA1 0.936229 1.103826  3.772413 0.817759  2.954653 0.783226 11 22
DHV06_4i0sA2_ali_4fyoA2 0.968942 0.354051  0.935754 0.227233  0.708521 0.757165 11 22
DHV06_4i0sA2_ali_4i0tA2 0.934878 0.667877  2.804282 1.118169  1.686113 0.601264 11 22
DHV06_4i0tA2_ali_1xbbA1 0.915075 0.818166  2.579976 0.955843  1.624134 0.629515 11 22
DHV06_4i0tA2_ali_4fyoA2 0.900386 0.484244  2.068528 0.659327  1.409201 0.681258 11 22
DHV06_4i0tA2_ali_4i0sA2 0.924453 0.667877  2.796665 0.691234  2.105431 0.752836 11 22
DHV07_3n4fA1_ali_3qpeD2 0.919282 0.382532  4.155883 0.259346  3.896537 0.937595 11 22
DHV07_3n4fA1_ali_3vccA2 0.917180 0.493951  4.153353 0.319052  3.834301 0.923182 11 22
DHV07_3qpeD2_ali_3n4fA1 0.923828 0.382532  4.159714 0.349625  3.810089 0.915950 11 22
DHV07_3qpeD2_ali_3vccA2 0.859008 0.131530  0.202011 0.108535  0.093476 0.462728 11 22
DHV07_3vccA2_ali_3n4fA1 0.923085 0.493951  4.149628 0.392235  3.757392 0.905477 11 22
DHV07_3vccA2_ali_3qpeD2 0.848250 0.131530  0.202722 0.111164  0.091557 0.451641 11 22
DHV08_2vovA1_ali_2voxA2 0.863199 0.549485  3.032263 0.370274  2.661990 0.877889 11 21
DHV08_2voxA2_ali_2vovA1 0.881333 0.549485  3.034107 0.379442  2.654665 0.874941 11 21
DHV09_2q9fA1_ali_3mdmA2 0.906364 1.111509  4.762760 0.953933  3.808826 0.799710 11 21
DHV09_3mdmA2_ali_2q9fA1 0.848659 1.111509  4.757334 1.197552  3.559782 0.748272 11 21
DHV10_3irsC1_ali_3k4wL2 0.920483 0.833454  4.373157 0.744302  3.628855 0.829802 11 22
DHV10_3k4wL2_ali_3irsC1 0.928275 0.833454  4.332904 0.715172  3.617732 0.834944 11 22
DHV11_3gnoA1_ali_3gnpA1 0.903738 0.188395  4.225298 0.199290  4.026008 0.952834 12 24
DHV11_3gnoA1_ali_3gnrA2 0.871900 0.098083  0.163913 0.082828  0.081086 0.494686 12 24
DHV11_3gnpA1_ali_3gnoA1 0.921579 0.188395  4.221921 0.718464  3.503457 0.829825 12 24
DHV11_3gnpA1_ali_3gnrA2 0.921840 0.230490  4.137004 0.695748  3.441257 0.831823 12 24
DHV11_3gnrA2_ali_3gnoA1 0.883025 0.098083  0.162148 0.082760  0.079388 0.489601 12 24
DHV11_3gnrA2_ali_3gnpA1 0.899836 0.230490  4.139594 0.263957  3.875637 0.936236 12 24
DHV12_4fj7A1_ali_4fj9A1 0.953151 0.059358  0.137352 0.050198  0.087154 0.634530 12 24
DHV12_4fj7A1_ali_4fjjA1 0.884476 0.091787  0.102480 0.057090  0.045390 0.442916 12 24
DHV12_4fj7A1_ali_4fjlA1 0.888615 0.333359  0.779532 0.205361  0.574171 0.736559 12 24
DHV12_4fj7A1_ali_4fjnA2 0.972338 0.230996  7.312510 0.815324  6.497187 0.888503 12 24
DHV12_4fj7A1_ali_4fk2A1 0.939198 0.143801  0.170651 0.066684  0.103968 0.609239 12 24
DHV12_4fj7A1_ali_4fk4A1 0.833759 0.188343  0.383827 0.120713  0.263113 0.685500 12 24
DHV12_4fj7A1_ali_4m3tA1 0.662823 0.100617  0.232816 0.088195  0.144620 0.621179 12 24
DHV12_4fj7A1_ali_4m3yA1 0.745260 0.143616  0.262248 0.117755  0.144493 0.550977 12 24
DHV12_4fj7A1_ali_4m3zA1 0.732872 0.107890  0.273719 0.079634  0.194085 0.709066 12 24
DHV12_4fj7A1_ali_4m45A1 0.774907 0.378161  0.705888 0.318779  0.387109 0.548400 12 24
DHV12_4fj9A1_ali_4fj7A1 0.960802 0.059358  0.145111 0.048126  0.096985 0.668348 12 24
DHV12_4fj9A1_ali_4fjjA1 0.920533 0.108333  0.159575 0.071985  0.087590 0.548896 12 24
DHV12_4fj9A1_ali_4fjlA1 0.925144 0.336146  0.819087 0.215409  0.603678 0.737014 12 24
DHV12_4fj9A1_ali_4fjnA2 0.971716 0.235499  7.416344 0.794765  6.621579 0.892836 12 24
DHV12_4fj9A1_ali_4fk2A1 0.947921 0.124743  0.166383 0.069652  0.096731 0.581375 12 24
DHV12_4fj9A1_ali_4fk4A1 0.901707 0.170084  0.447109 0.114560  0.332549 0.743776 12 24
DHV12_4fj9A1_ali_4m3tA1 0.817617 0.076475  0.270203 0.088925  0.181278 0.670895 12 24
DHV12_4fj9A1_ali_4m3yA1 0.756385 0.149357  0.281992 0.140975  0.141017 0.500076 12 24
DHV12_4fj9A1_ali_4m3zA1 0.813422 0.109583  0.315946 0.101488  0.214459 0.678782 12 24
DHV12_4fj9A1_ali_4m45A1 0.780333 0.392609  0.746003 0.351846  0.394157 0.528359 12 24
DHV12_4fjjA1_ali_4fj7A1 0.878939 0.091787  0.100068 0.056554  0.043514 0.434845 12 24
DHV12_4fjjA1_ali_4fj9A1 0.921792 0.108333  0.155367 0.072702  0.082665 0.532064 12 24
DHV12_4fjjA1_ali_4fjlA1 0.909958 0.304474  0.808896 0.203096  0.605799 0.748921 12 24
DHV12_4fjjA1_ali_4fjnA2 0.970760 0.232577  7.383419 0.789622  6.593797 0.893055 12 24
DHV12_4fjjA1_ali_4fk2A1 0.859576 0.181532  0.182315 0.103854  0.078461 0.430361 12 24
DHV12_4fjjA1_ali_4fk4A1 0.858770 0.188886  0.400647 0.130038  0.270608 0.675429 12 24
DHV12_4fjjA1_ali_4m3tA1 0.695944 0.127749  0.242622 0.109925  0.132697 0.546930 12 24
DHV12_4fjjA1_ali_4m3yA1 0.742404 0.164693  0.276924 0.145896  0.131028 0.473154 12 24
DHV12_4fjjA1_ali_4m3zA1 0.728754 0.116569  0.274348 0.102931  0.171417 0.624816 12 24
DHV12_4fjjA1_ali_4m45A1 0.731211 0.358117  0.688247 0.337989  0.350258 0.508914 12 24
DHV12_4fjlA1_ali_4fj7A1 0.934749 0.333359  0.776859 0.212363  0.564496 0.726639 12 24
DHV12_4fjlA1_ali_4fj9A1 0.938723 0.336146  0.813295 0.238287  0.575008 0.707010 12 24
DHV12_4fjlA1_ali_4fjjA1 0.940415 0.304474  0.803820 0.207544  0.596276 0.741803 12 24
DHV12_4fjlA1_ali_4fjnA2 0.975434 0.150182  6.909655 0.629965  6.279690 0.908828 12 24
DHV12_4fjlA1_ali_4fk2A1 0.943874 0.358623  0.859820 0.231599  0.628221 0.730642 12 24
DHV12_4fjlA1_ali_4fk4A1 0.921406 0.212897  0.667088 0.257942  0.409146 0.613332 12 24
DHV12_4fjlA1_ali_4m3tA1 0.906793 0.299346  0.766364 0.205870  0.560494 0.731368 12 24
DHV12_4fjlA1_ali_4m3yA1 0.933977 0.238478  0.805064 0.173888  0.631177 0.784008 12 24
DHV12_4fjlA1_ali_4m3zA1 0.928016 0.254979  0.850933 0.293469  0.557465 0.655121 12 24
DHV12_4fjlA1_ali_4m45A1 0.907272 0.124616  0.901504 0.164136  0.737368 0.817931 12 24
DHV12_4fjnA2_ali_4fj7A1 0.972432 0.230996  7.307267 0.710197  6.597070 0.902810 12 24
DHV12_4fjnA2_ali_4fj9A1 0.972517 0.235499  7.406283 0.713540  6.692743 0.903658 12 24
DHV12_4fjnA2_ali_4fjjA1 0.972277 0.232577  7.375658 0.712768  6.662889 0.903362 12 24
DHV12_4fjnA2_ali_4fjlA1 0.972205 0.150182  6.908165 0.523612  6.384553 0.924204 12 24
DHV12_4fjnA2_ali_4fk2A1 0.973127 0.268248  7.440556 0.861141  6.579415 0.884264 12 24
DHV12_4fjnA2_ali_4fk4A1 0.971795 0.151723  7.298722 0.632617  6.666105 0.913325 12 24
DHV12_4fjnA2_ali_4m3tA1 0.971975 0.215160  7.335413 0.682192  6.653220 0.907000 12 24
DHV12_4fjnA2_ali_4m3yA1 0.971559 0.126224  7.364732 0.677360  6.687372 0.908027 12 24
DHV12_4fjnA2_ali_4m3zA1 0.971772 0.169872  7.403886 0.773756  6.630130 0.895493 12 24
DHV12_4fjnA2_ali_4m45A1 0.968151 0.183796  7.309309 0.598708  6.710601 0.918090 12 24
DHV12_4fk2A1_ali_4fj7A1 0.936141 0.143801  0.171997 0.066001  0.105996 0.616267 12 24
DHV12_4fk2A1_ali_4fj9A1 0.937872 0.124743  0.154474 0.065602  0.088871 0.575317 12 24
DHV12_4fk2A1_ali_4fjjA1 0.859368 0.181532  0.181564 0.100459  0.081105 0.446703 12 24
DHV12_4fk2A1_ali_4fjlA1 0.921150 0.358623  0.864297 0.214750  0.649546 0.751532 12 24
DHV12_4fk2A1_ali_4fjnA2 0.970196 0.268248  7.447778 0.794044  6.653734 0.893385 12 24
DHV12_4fk2A1_ali_4fk4A1 0.832300 0.180549  0.406071 0.113402  0.292669 0.720734 12 24
DHV12_4fk2A1_ali_4m3tA1 0.674187 0.121157  0.260673 0.100811  0.159863 0.613268 12 24
DHV12_4fk2A1_ali_4m3yA1 0.746513 0.200621  0.269526 0.116291  0.153235 0.568534 12 24
DHV12_4fk2A1_ali_4m3zA1 0.610205 0.178029  0.264924 0.084254  0.180670 0.681969 12 24
DHV12_4fk2A1_ali_4m45A1 0.787982 0.420883  0.748192 0.336070  0.412122 0.550824 12 24
DHV12_4fk4A1_ali_4fj7A1 0.896278 0.188343  0.389664 0.122750  0.266914 0.684984 12 24
DHV12_4fk4A1_ali_4fj9A1 0.930778 0.170084  0.435010 0.121364  0.313646 0.721008 12 24
DHV12_4fk4A1_ali_4fjjA1 0.903058 0.188886  0.400596 0.131638  0.268958 0.671394 12 24
DHV12_4fk4A1_ali_4fjlA1 0.935080 0.212897  0.664932 0.132752  0.532180 0.800353 12 24
DHV12_4fk4A1_ali_4fjnA2 0.968228 0.151723  7.300448 0.707328  6.593120 0.903112 12 24
DHV12_4fk4A1_ali_4fk2A1 0.905092 0.180549  0.402989 0.118011  0.284977 0.707159 12 24
DHV12_4fk4A1_ali_4m3tA1 0.933291 0.126321  0.249790 0.099529  0.150261 0.601549 12 24
DHV12_4fk4A1_ali_4m3yA1 0.952838 0.140748  0.302831 0.122338  0.180492 0.596018 12 24
DHV12_4fk4A1_ali_4m3zA1 0.950790 0.131177  0.280249 0.105695  0.174555 0.622854 12 24
DHV12_4fk4A1_ali_4m45A1 0.919575 0.288915  0.646065 0.230293  0.415773 0.643546 12 24
DHV12_4m3tA1_ali_4fj7A1 0.784498 0.100617  0.241675 0.103798  0.137878 0.570508 12 24
DHV12_4m3tA1_ali_4fj9A1 0.875685 0.076475  0.273671 0.106012  0.167659 0.612630 12 24
DHV12_4m3tA1_ali_4fjjA1 0.787682 0.127749  0.247353 0.124908  0.122446 0.495023 12 24
DHV12_4m3tA1_ali_4fjlA1 0.860277 0.299346  0.771020 0.191018  0.580001 0.752252 12 24
DHV12_4m3tA1_ali_4fjnA2 0.970953 0.215160  7.343832 0.765512  6.578321 0.895761 12 24
DHV12_4m3tA1_ali_4fk2A1 0.808166 0.121157  0.261181 0.100870  0.160310 0.613791 12 24
DHV12_4m3tA1_ali_4fk4A1 0.882086 0.126321  0.254838 0.103079  0.151758 0.595511 12 24
DHV12_4m3tA1_ali_4m3yA1 0.841075 0.130636  0.215105 0.138928  0.076177 0.354140 12 24
DHV12_4m3tA1_ali_4m3zA1 0.929977 0.087106  0.170525 0.067423  0.103103 0.604617 12 24
DHV12_4m3tA1_ali_4m45A1 0.816054 0.364763  0.610004 0.261377  0.348627 0.571515 12 24
DHV12_4m3yA1_ali_4fj7A1 0.800065 0.143616  0.262165 0.120424  0.141741 0.540657 12 24
DHV12_4m3yA1_ali_4fj9A1 0.824522 0.149357  0.281128 0.130959  0.150169 0.534166 12 24
DHV12_4m3yA1_ali_4fjjA1 0.806708 0.164693  0.275909 0.137915  0.137994 0.500142 12 24
DHV12_4m3yA1_ali_4fjlA1 0.916067 0.238478  0.803200 0.145657  0.657543 0.818654 12 24
DHV12_4m3yA1_ali_4fjnA2 0.968185 0.126224  7.367284 0.708956  6.658329 0.903770 12 24
DHV12_4m3yA1_ali_4fk2A1 0.826572 0.200621  0.267895 0.116630  0.151266 0.564645 12 24
DHV12_4m3yA1_ali_4fk4A1 0.929403 0.140748  0.307216 0.101497  0.205719 0.669624 12 24
DHV12_4m3yA1_ali_4m3tA1 0.816086 0.130636  0.210844 0.130279  0.080566 0.382109 12 24
DHV12_4m3yA1_ali_4m3zA1 0.931183 0.080062  0.198232 0.084020  0.114213 0.576155 12 24
DHV12_4m3yA1_ali_4m45A1 0.921359 0.283990  0.569164 0.193046  0.376118 0.660825 12 24
DHV12_4m3zA1_ali_4fj7A1 0.845518 0.107890  0.286136 0.099527  0.186609 0.652168 12 24
DHV12_4m3zA1_ali_4fj9A1 0.891804 0.109583  0.311828 0.113044  0.198784 0.637480 12 24
DHV12_4m3zA1_ali_4fjjA1 0.836981 0.116569  0.285129 0.117020  0.168109 0.589589 12 24
DHV12_4m3zA1_ali_4fjlA1 0.917743 0.254979  0.851046 0.172049  0.678997 0.797838 12 24
DHV12_4m3zA1_ali_4fjnA2 0.969430 0.169872  7.407493 0.765011  6.642482 0.896725 12 24
DHV12_4m3zA1_ali_4fk2A1 0.803161 0.178029  0.269505 0.096485  0.173020 0.641992 12 24
DHV12_4m3zA1_ali_4fk4A1 0.924314 0.131177  0.284484 0.091626  0.192858 0.677921 12 24
DHV12_4m3zA1_ali_4m3tA1 0.910110 0.087106  0.169048 0.073138  0.095910 0.567355 12 24
DHV12_4m3zA1_ali_4m3yA1 0.928128 0.080062  0.213000 0.090316  0.122684 0.575982 12 24
DHV12_4m3zA1_ali_4m45A1 0.866630 0.314194  0.602958 0.230961  0.371998 0.616954 12 24
DHV12_4m45A1_ali_4fj7A1 0.880462 0.378161  0.706281 0.306644  0.399637 0.565833 12 24
DHV12_4m45A1_ali_4fj9A1 0.883325 0.392609  0.746415 0.326518  0.419897 0.562552 12 24
DHV12_4m45A1_ali_4fjjA1 0.881938 0.358117  0.688228 0.303963  0.384265 0.558340 12 24
DHV12_4m45A1_ali_4fjlA1 0.885958 0.124616  0.912885 0.169500  0.743385 0.814324 12 24
DHV12_4m45A1_ali_4fjnA2 0.968974 0.183796  7.312386 0.631291  6.681095 0.913668 12 24
DHV12_4m45A1_ali_4fk2A1 0.886731 0.420883  0.747743 0.322791  0.424952 0.568313 12 24
DHV12_4m45A1_ali_4fk4A1 0.898933 0.288915  0.649045 0.256733  0.392312 0.604445 12 24
DHV12_4m45A1_ali_4m3tA1 0.887383 0.364763  0.612559 0.290075  0.322484 0.526454 12 24
DHV12_4m45A1_ali_4m3yA1 0.926096 0.283990  0.568060 0.223356  0.344705 0.606810 12 24
DHV12_4m45A1_ali_4m3zA1 0.912534 0.314194  0.604305 0.276417  0.327889 0.542588 12 24
DHV13_2pa5A1_ali_4ge2A1 0.800240 0.164897  0.108862 0.071868  0.036993 0.339820 12 22
DHV13_2pa5A1_ali_4ge6B1 0.870070 0.612345  0.655823 0.253665  0.402159 0.613212 12 22
DHV13_2pa5A1_ali_4iczA2 0.952254 0.575739  3.347601 0.483321  2.864280 0.855622 12 22
DHV13_4ge2A1_ali_2pa5A1 0.783108 0.164897  0.114919 0.075422  0.039497 0.343697 12 22
DHV13_4ge2A1_ali_4ge6B1 0.899062 0.641181  0.658711 0.246379  0.412332 0.625968 12 22
DHV13_4ge2A1_ali_4iczA2 0.952577 0.547937  3.377735 0.482477  2.895258 0.857160 12 22
DHV13_4ge6B1_ali_2pa5A1 0.881483 0.612345  0.648274 0.345572  0.302701 0.466934 12 22
DHV13_4ge6B1_ali_4ge2A1 0.888227 0.641181  0.657124 0.342318  0.314806 0.479066 12 22
DHV13_4ge6B1_ali_4iczA2 0.952877 0.472325  3.112044 0.377385  2.734659 0.878734 12 22
DHV13_4iczA2_ali_2pa5A1 0.945278 0.575739  3.338403 0.906942  2.431461 0.728331 12 22
DHV13_4iczA2_ali_4ge2A1 0.947027 0.547937  3.379608 0.890256  2.489352 0.736580 12 22
DHV13_4iczA2_ali_4ge6B1 0.954300 0.472325  3.101924 0.550070  2.551854 0.822668 12 22
DHV14_4jhxA1_ali_4kwtC2 0.740244 1.023589  2.840143 0.522430  2.317713 0.816055 12 23
DHV14_4kwtC2_ali_4jhxA1 0.818684 1.023589  2.843413 0.602326  2.241087 0.788168 12 23
DHV15_3agnA1_ali_3agoA2 0.891252 0.265100  7.177520 0.591054  6.586466 0.917652 12 22
DHV15_3agnA1_ali_3ahwA3 0.923496 0.740825  5.513085 0.524566  4.988519 0.904851 12 22
DHV15_3agoA2_ali_3agnA1 0.829912 0.265100  7.179677 1.436119  5.743558 0.799974 12 22
DHV15_3agoA2_ali_3ahwA3 0.872808 0.838803  5.317299 0.455185  4.862115 0.914396 12 22
DHV15_3ahwA3_ali_3agnA1 0.868949 0.740825  5.503693 0.519239  4.984454 0.905656 12 22
DHV15_3ahwA3_ali_3agoA2 0.847030 0.838803  5.319358 0.462498  4.856860 0.913054 12 22
DHV16_1a4uB1_ali_1b16B2 0.750627 0.219767  2.476119 0.189785  2.286334 0.923354 13 25
DHV16_1a4uB1_ali_1b2lA3 0.827137 0.408410  1.715833 0.645435  1.070399 0.623836 13 25
DHV16_1a4uB1_ali_1sbyB2 0.736924 0.163138  2.421283 0.228097  2.193186 0.905795 13 25
DHV16_1b16B2_ali_1a4uB1 0.776728 0.219767  2.463999 0.610473  1.853526 0.752243 13 25
DHV16_1b16B2_ali_1b2lA3 0.932568 0.307232  3.167865 0.320650  2.847214 0.898780 13 25
DHV16_1b16B2_ali_1sbyB2 0.922466 0.163615  0.446067 0.180411  0.265656 0.595552 13 25
DHV16_1b2lA3_ali_1a4uB1 0.809968 0.408410  1.716218 0.372941  1.343277 0.782696 13 25
DHV16_1b2lA3_ali_1b16B2 0.882745 0.307232  3.179983 0.203319  2.976664 0.936063 13 25
DHV16_1b2lA3_ali_1sbyB2 0.889651 0.332750  3.072336 0.211517  2.860819 0.931154 13 25
DHV16_1sbyB2_ali_1a4uB1 0.762800 0.163138  2.404635 0.564808  1.839827 0.765117 13 25
DHV16_1sbyB2_ali_1b16B2 0.901956 0.163615  0.445870 0.200167  0.245703 0.551065 13 25
DHV16_1sbyB2_ali_1b2lA3 0.927521 0.332750  3.053725 0.244303  2.809422 0.919998 13 25
DHV17_3hszA1_ali_3ht0A2 0.959429 0.329077 11.277410 0.615077 10.662333 0.945459 13 25
DHV17_3ht0A2_ali_3hszA1 0.969851 0.329077 11.325063 0.780333 10.544730 0.931097 13 25
DHV18_3m7wD1_ali_3oexB1 0.890639 0.424615  0.328481 0.147919  0.180562 0.549688 13 25
DHV18_3m7wD1_ali_4gfsA1 0.908575 0.329237  0.360883 0.154186  0.206696 0.572752 13 25
DHV18_3m7wD1_ali_4guiB2 0.946354 0.678469  4.367940 0.590528  3.777412 0.864804 13 25
DHV18_3m7wD1_ali_4gujB2 0.946420 0.682733  4.357606 0.333770  4.023836 0.923405 13 25
DHV18_3oexB1_ali_3m7wD1 0.884444 0.424615  0.321782 0.154329  0.167453 0.520394 13 25
DHV18_3oexB1_ali_4gfsA1 0.724468 0.342512  0.233540 0.164952  0.068588 0.293689 13 25
DHV18_3oexB1_ali_4guiB2 0.950844 0.507319  4.556359 0.293297  4.263062 0.935629 13 25
DHV18_3oexB1_ali_4gujB2 0.950573 0.467579  4.544917 0.296517  4.248400 0.934759 13 25
DHV18_4gfsA1_ali_3m7wD1 0.894172 0.329237  0.358831 0.161170  0.197661 0.550847 13 25
DHV18_4gfsA1_ali_3oexB1 0.725090 0.342512  0.233599 0.165908  0.067691 0.289774 13 25
DHV18_4gfsA1_ali_4guiB2 0.947597 0.553654  4.542559 0.344150  4.198409 0.924239 13 25
DHV18_4gfsA1_ali_4gujB2 0.947134 0.545175  4.538670 0.358943  4.179727 0.920915 13 25
DHV18_4guiB2_ali_3m7wD1 0.940716 0.678469  4.366348 0.524887  3.841461 0.879788 13 25
DHV18_4guiB2_ali_3oexB1 0.946759 0.507319  4.560551 0.522801  4.037749 0.885364 13 25
DHV18_4guiB2_ali_4gfsA1 0.944714 0.553654  4.544101 0.416450  4.127651 0.908354 13 25
DHV18_4guiB2_ali_4gujB2 0.974839 0.138141  0.432895 0.097997  0.334899 0.773625 13 25
DHV18_4gujB2_ali_3m7wD1 0.942501 0.682733  4.353333 0.382996  3.970337 0.912022 13 25
DHV18_4gujB2_ali_3oexB1 0.948760 0.467579  4.546264 0.298637  4.247627 0.934311 13 25
DHV18_4gujB2_ali_4gfsA1 0.946647 0.545175  4.537771 0.352390  4.185381 0.922343 13 25
DHV18_4gujB2_ali_4guiB2 0.973866 0.138141  0.438811 0.093091  0.345720 0.787855 13 25
DHV19_1dg3A1_ali_1f5nA2 0.943706 0.808790  5.370720 0.876050  4.494670 0.836884 13 26
DHV19_1f5nA2_ali_1dg3A1 0.938650 0.808790  5.379486 0.936108  4.443378 0.825986 13 26
DHV20_3phgA1_ali_3phhA2 0.899060 0.396831  3.140397 0.695972  2.444425 0.778381 13 25
DHV20_3phhA2_ali_3phgA1 0.823632 0.396831  3.133794 0.234248  2.899546 0.925251 13 25
DHV21_3d05A1_ali_3d06A2 0.823944 0.115927  4.271810 0.283005  3.988805 0.933751 14 27
DHV21_3d06A2_ali_3d05A1 0.864572 0.115927  4.274771 0.196243  4.078527 0.954093 14 27
DHV22_3v0dB1_ali_3v0fA2 0.909478 0.199602  6.805248 0.703343  6.101905 0.896647 14 28
DHV22_3v0dB1_ali_3v0gB1 0.816506 0.241526  1.016263 0.369681  0.646581 0.636234 14 28
DHV22_3v0dB1_ali_3v0hB3 0.940077 0.426675  8.617382 0.768011  7.849371 0.910877 14 28
DHV22_3v0fA2_ali_3v0dB1 0.924104 0.199602  6.800816 0.707975  6.092841 0.895898 14 28
DHV22_3v0fA2_ali_3v0gB1 0.904911 0.335120  7.203521 0.725084  6.478436 0.899343 14 28
DHV22_3v0fA2_ali_3v0hB3 0.952087 0.417482  8.652398 1.107693  7.544705 0.871978 14 28
DHV22_3v0gB1_ali_3v0dB1 0.826406 0.241526  1.017396 0.403581  0.613815 0.603320 14 28
DHV22_3v0gB1_ali_3v0fA2 0.893835 0.335120  7.202588 0.865977  6.336611 0.879769 14 28
DHV22_3v0gB1_ali_3v0hB3 0.930149 0.295790  8.488209 0.758727  7.729481 0.910614 14 28
DHV22_3v0hB3_ali_3v0dB1 0.936568 0.426675  8.611464 0.928293  7.683170 0.892203 14 28
DHV22_3v0hB3_ali_3v0fA2 0.957475 0.417482  8.654458 0.732713  7.921745 0.915337 14 28
DHV22_3v0hB3_ali_3v0gB1 0.933138 0.295790  8.489147 0.622727  7.866421 0.926644 14 28
DHV23_4mxrB1_ali_4myfA2 0.977694 0.255235  2.862594 0.256157  2.606437 0.910516 14 27
DHV23_4mxrB1_ali_4mykA2 0.977072 0.250659  2.826312 0.249412  2.576900 0.911754 14 27
DHV23_4mxrB1_ali_4mylA2 0.977090 0.294748  2.802813 0.278308  2.524505 0.900704 14 27
DHV23_4myfA2_ali_4mxrB1 0.976234 0.255235  2.838128 0.360363  2.477765 0.873028 14 27
DHV23_4myfA2_ali_4mykA2 0.842848 0.094556  0.167255 0.087684  0.079571 0.475744 14 27
DHV23_4myfA2_ali_4mylA2 0.973829 0.110720  0.310893 0.067625  0.243267 0.782480 14 27
DHV23_4mykA2_ali_4mxrB1 0.978108 0.250659  2.798076 0.301536  2.496540 0.892235 14 27
DHV23_4mykA2_ali_4myfA2 0.868209 0.094556  0.166438 0.085743  0.080695 0.484836 14 27
DHV23_4mykA2_ali_4mylA2 0.953768 0.139497  0.369983 0.109881  0.260102 0.703011 14 27
DHV23_4mylA2_ali_4mxrB1 0.978125 0.294748  2.790309 0.335214  2.455095 0.879865 14 27
DHV23_4mylA2_ali_4myfA2 0.978457 0.110720  0.313624 0.072149  0.241475 0.769950 14 27
DHV23_4mylA2_ali_4mykA2 0.946756 0.139497  0.368425 0.119748  0.248678 0.674975 14 27
DHV24_2ce2X1_ali_2cl0X2 0.628691 0.497869  1.699086 0.657892  1.041193 0.612796 14 27
DHV24_2ce2X1_ali_2cl6X3 0.848153 0.874287  2.430626 0.782908  1.647718 0.677899 14 27
DHV24_2ce2X1_ali_2cl7X4 0.727677 0.862228  1.688083 0.585481  1.102602 0.653168 14 27
DHV24_2ce2X1_ali_2clcX4 0.683323 0.848457  1.607413 0.574183  1.033231 0.642791 14 27
DHV24_2ce2X1_ali_2evwX4 0.641049 0.863699  1.585269 0.890736  0.694533 0.438117 14 27
DHV24_2cl0X2_ali_2ce2X1 0.659780 0.497869  1.694242 0.415455  1.278787 0.754784 14 27
DHV24_2cl0X2_ali_2cl6X3 0.834622 0.544964  2.352629 0.361530  1.991099 0.846329 14 27
DHV24_2cl0X2_ali_2cl7X4 0.925945 0.591132  1.502647 0.397591  1.105057 0.735406 14 27
DHV24_2cl0X2_ali_2clcX4 0.932990 0.576183  1.367403 0.352444  1.014960 0.742253 14 27
DHV24_2cl0X2_ali_2evwX4 0.897184 0.560934  1.191393 0.368700  0.822693 0.690530 14 27
DHV24_2cl6X3_ali_2ce2X1 0.837704 0.874287  2.420277 0.680870  1.739407 0.718681 14 27
DHV24_2cl6X3_ali_2cl0X2 0.912275 0.544964  2.349755 0.432119  1.917636 0.816101 14 27
DHV24_2cl6X3_ali_2cl7X4 0.894346 0.328682  1.975888 0.258937  1.716951 0.868952 14 27
DHV24_2cl6X3_ali_2clcX4 0.910465 0.341435  2.028519 0.250939  1.777580 0.876294 14 27
DHV24_2cl6X3_ali_2evwX4 0.890857 0.396526  2.098129 0.305442  1.792687 0.854422 14 27
DHV24_2cl7X4_ali_2ce2X1 0.712505 0.862228  1.692250 0.679810  1.012440 0.598280 14 27
DHV24_2cl7X4_ali_2cl0X2 0.930983 0.591132  1.496597 0.381802  1.114795 0.744887 14 27
DHV24_2cl7X4_ali_2cl6X3 0.828610 0.328682  1.973276 0.248581  1.724696 0.874026 14 27
DHV24_2cl7X4_ali_2clcX4 0.924674 0.116771  0.369619 0.125997  0.243622 0.659117 14 27
DHV24_2cl7X4_ali_2evwX4 0.950373 0.270299  0.818436 0.218970  0.599466 0.732453 14 27
DHV24_2clcX4_ali_2ce2X1 0.655852 0.848457  1.609676 0.410148  1.199528 0.745198 14 27
DHV24_2clcX4_ali_2cl0X2 0.928867 0.576183  1.368814 0.334471  1.034343 0.755649 14 27
DHV24_2clcX4_ali_2cl6X3 0.843907 0.341435  2.031759 0.338380  1.693379 0.833455 14 27
DHV24_2clcX4_ali_2cl7X4 0.931111 0.116771  0.371466 0.131000  0.240466 0.647343 14 27
DHV24_2clcX4_ali_2evwX4 0.950454 0.317346  0.554287 0.169255  0.385032 0.694644 14 27
DHV24_2evwX4_ali_2ce2X1 0.653592 0.863699  1.584857 0.465756  1.119102 0.706121 14 27
DHV24_2evwX4_ali_2cl0X2 0.900576 0.560934  1.189639 0.321261  0.868378 0.729951 14 27
DHV24_2evwX4_ali_2cl6X3 0.793365 0.396526  2.088564 0.494975  1.593589 0.763007 14 27
DHV24_2evwX4_ali_2cl7X4 0.967850 0.270299  0.815493 0.171661  0.643832 0.789501 14 27
DHV24_2evwX4_ali_2clcX4 0.956429 0.317346  0.552161 0.151319  0.400842 0.725951 14 27
DHV25_1gqyB1_ali_1p31B2 0.943742 0.608194  9.497833 0.267622  9.230211 0.971823 14 27
DHV25_1gqyB1_ali_1p3dA2 0.945267 0.559743  9.534879 0.246044  9.288835 0.974195 14 27
DHV25_1p31B2_ali_1gqyB1 0.921505 0.608194  9.503075 0.752379  8.750695 0.920828 14 27
DHV25_1p31B2_ali_1p3dA2 0.949610 0.197276  0.186142 0.064432  0.121711 0.653858 14 27
DHV25_1p3dA2_ali_1gqyB1 0.923295 0.559743  9.542392 0.744278  8.798113 0.922003 14 27
DHV25_1p3dA2_ali_1p31B2 0.949275 0.197276  0.185319 0.061722  0.123597 0.666940 14 27
DHV26_2rbtX1_ali_2rbuX2 0.919026 0.115277  5.228753 0.305857  4.922896 0.941505 15 29
DHV26_2rbtX1_ali_2rbvX1 0.929099 0.048530  0.086411 0.038132  0.048279 0.558714 15 29
DHV26_2rbtX1_ali_2rbwX3 0.834455 0.205755  3.478014 0.544230  2.933784 0.843523 15 29
DHV26_2rbtX1_ali_2rbxX1 0.929007 0.077646  0.233652 0.093635  0.140018 0.599257 15 29
DHV26_2rbtX1_ali_2rbyX1 0.907632 0.096276  0.132640 0.059867  0.072774 0.548654 15 29
DHV26_2rbtX1_ali_2rbzX1 0.926937 0.139316  0.224792 0.089842  0.134951 0.600335 15 29
DHV26_2rbtX1_ali_2rc0X1 0.948181 0.106039  0.229330 0.077362  0.151968 0.662662 15 29
DHV26_2rbtX1_ali_2rc2X3 0.835336 0.124240  3.505287 0.513928  2.991359 0.853385 15 29
DHV26_2rbuX2_ali_2rbtX1 0.912442 0.115277  5.234807 0.402977  4.831830 0.923020 15 29
DHV26_2rbuX2_ali_2rbvX1 0.914106 0.130104  5.215343 0.393604  4.821739 0.924530 15 29
DHV26_2rbuX2_ali_2rbwX3 0.925756 0.174991  2.535187 0.305201  2.229986 0.879614 15 29
DHV26_2rbuX2_ali_2rbxX1 0.907123 0.131593  5.297428 0.456328  4.841100 0.913859 15 29
DHV26_2rbuX2_ali_2rbyX1 0.909538 0.114173  5.267863 0.407646  4.860217 0.922616 15 29
DHV26_2rbuX2_ali_2rbzX1 0.908919 0.173897  5.318598 0.441423  4.877175 0.917004 15 29
DHV26_2rbuX2_ali_2rc0X1 0.906898 0.146231  5.308827 0.422817  4.886010 0.920356 15 29
DHV26_2rbuX2_ali_2rc2X3 0.928190 0.132506  2.492147 0.312696  2.179451 0.874527 15 29
DHV26_2rbvX1_ali_2rbtX1 0.925847 0.048530  0.086942 0.037947  0.048995 0.563535 15 29
DHV26_2rbvX1_ali_2rbuX2 0.920049 0.130104  5.210506 0.305268  4.905239 0.941413 15 29
DHV26_2rbvX1_ali_2rbwX3 0.833955 0.212301  3.466777 0.532686  2.934092 0.846346 15 29
DHV26_2rbvX1_ali_2rbxX1 0.951988 0.110486  0.297646 0.098155  0.199492 0.670230 15 29
DHV26_2rbvX1_ali_2rbyX1 0.953184 0.105742  0.189709 0.058875  0.130834 0.689657 15 29
DHV26_2rbvX1_ali_2rbzX1 0.952035 0.140394  0.281835 0.089221  0.192614 0.683429 15 29
DHV26_2rbvX1_ali_2rc0X1 0.969312 0.119854  0.283561 0.071931  0.211630 0.746330 15 29
DHV26_2rbvX1_ali_2rc2X3 0.834761 0.107230  3.494007 0.509540  2.984466 0.854167 15 29
DHV26_2rbwX3_ali_2rbtX1 0.840005 0.205755  3.477308 0.428410  3.048898 0.876798 15 29
DHV26_2rbwX3_ali_2rbuX2 0.940663 0.174991  2.532511 0.324550  2.207961 0.871847 15 29
DHV26_2rbwX3_ali_2rbvX1 0.836276 0.212301  3.465617 0.429470  3.036147 0.876077 15 29
DHV26_2rbwX3_ali_2rbxX1 0.837046 0.198022  3.585593 0.442155  3.143438 0.876686 15 29
DHV26_2rbwX3_ali_2rbyX1 0.839425 0.160451  3.521791 0.426118  3.095673 0.879005 15 29
DHV26_2rbwX3_ali_2rbzX1 0.843047 0.227527  3.583166 0.439101  3.144065 0.877455 15 29
DHV26_2rbwX3_ali_2rc0X1 0.840131 0.157470  3.578942 0.447046  3.131895 0.875090 15 29
DHV26_2rbwX3_ali_2rc2X3 0.919313 0.142380  0.125387 0.055954  0.069433 0.553749 15 29
DHV26_2rbxX1_ali_2rbtX1 0.916421 0.077646  0.230207 0.092426  0.137780 0.598508 15 29
DHV26_2rbxX1_ali_2rbuX2 0.918813 0.131593  5.293145 0.347111  4.946033 0.934422 15 29
DHV26_2rbxX1_ali_2rbvX1 0.936721 0.110486  0.293938 0.099283  0.194655 0.662231 15 29
DHV26_2rbxX1_ali_2rbwX3 0.832798 0.198022  3.586446 0.540137  3.046309 0.849395 15 29
DHV26_2rbxX1_ali_2rbyX1 0.904627 0.091549  0.193093 0.085918  0.107175 0.555045 15 29
DHV26_2rbxX1_ali_2rbzX1 0.800221 0.140647  0.119162 0.076627  0.042535 0.356952 15 29
DHV26_2rbxX1_ali_2rc0X1 0.873704 0.088210  0.136807 0.073135  0.063672 0.465415 15 29
DHV26_2rbxX1_ali_2rc2X3 0.833827 0.158989  3.614496 0.521669  3.092827 0.855673 15 29
DHV26_2rbyX1_ali_2rbtX1 0.902977 0.096276  0.129951 0.059450  0.070501 0.542521 15 29
DHV26_2rbyX1_ali_2rbuX2 0.917070 0.114173  5.264321 0.331494  4.932827 0.937030 15 29
DHV26_2rbyX1_ali_2rbvX1 0.948362 0.105742  0.187144 0.058864  0.128280 0.685462 15 29
DHV26_2rbyX1_ali_2rbwX3 0.828030 0.160451  3.522841 0.546823  2.976018 0.844778 15 29
DHV26_2rbyX1_ali_2rbxX1 0.903710 0.091549  0.193917 0.088204  0.105713 0.545146 15 29
DHV26_2rbyX1_ali_2rbzX1 0.933703 0.092666  0.168201 0.065168  0.103033 0.612561 15 29
DHV26_2rbyX1_ali_2rc0X1 0.917757 0.059336  0.150217 0.066726  0.083491 0.555802 15 29
DHV26_2rbyX1_ali_2rc2X3 0.828828 0.104860  3.549657 0.522771  3.026886 0.852726 15 29
DHV26_2rbzX1_ali_2rbtX1 0.921557 0.139316  0.223186 0.089297  0.133889 0.599900 15 29
DHV26_2rbzX1_ali_2rbuX2 0.919280 0.173897  5.314157 0.342701  4.971457 0.935512 15 29
DHV26_2rbzX1_ali_2rbvX1 0.946640 0.140394  0.282979 0.091443  0.191537 0.676857 15 29
DHV26_2rbzX1_ali_2rbwX3 0.834639 0.227527  3.584301 0.536671  3.047630 0.850272 15 29
DHV26_2rbzX1_ali_2rbxX1 0.804856 0.140647  0.118499 0.075865  0.042634 0.359785 15 29
DHV26_2rbzX1_ali_2rbyX1 0.935202 0.092666  0.170162 0.063887  0.106275 0.624551 15 29
DHV26_2rbzX1_ali_2rc0X1 0.947044 0.102338  0.113481 0.041114  0.072367 0.637701 15 29
DHV26_2rbzX1_ali_2rc2X3 0.835584 0.158484  3.611980 0.523260  3.088721 0.855132 15 29
DHV26_2rc0X1_ali_2rbtX1 0.944737 0.106039  0.227802 0.077844  0.149958 0.658282 15 29
DHV26_2rc0X1_ali_2rbuX2 0.916047 0.146231  5.304939 0.325429  4.979510 0.938655 15 29
DHV26_2rc0X1_ali_2rbvX1 0.965210 0.119854  0.283370 0.074096  0.209273 0.738517 15 29
DHV26_2rc0X1_ali_2rbwX3 0.833201 0.157470  3.581955 0.548457  3.033499 0.846883 15 29
DHV26_2rc0X1_ali_2rbxX1 0.875013 0.088210  0.138107 0.072545  0.065563 0.474723 15 29
DHV26_2rc0X1_ali_2rbyX1 0.916077 0.059336  0.149595 0.066351  0.083245 0.556465 15 29
DHV26_2rc0X1_ali_2rbzX1 0.940717 0.102338  0.115046 0.041568  0.073478 0.638687 15 29
DHV26_2rc0X1_ali_2rc2X3 0.834014 0.122096  3.610115 0.523821  3.086294 0.854902 15 29
DHV26_2rc2X3_ali_2rbtX1 0.843570 0.124240  3.502426 0.432402  3.070025 0.876542 15 29
DHV26_2rc2X3_ali_2rbuX2 0.938929 0.132506  2.489176 0.311009  2.178167 0.875055 15 29
DHV26_2rc2X3_ali_2rbvX1 0.840152 0.107230  3.490799 0.435457  3.055343 0.875256 15 29
DHV26_2rc2X3_ali_2rbwX3 0.918333 0.142380  0.125832 0.052528  0.073304 0.582555 15 29
DHV26_2rc2X3_ali_2rbxX1 0.840442 0.158989  3.610779 0.433399  3.177380 0.879971 15 29
DHV26_2rc2X3_ali_2rbyX1 0.842894 0.104860  3.546412 0.425725  3.120687 0.879956 15 29
DHV26_2rc2X3_ali_2rbzX1 0.846306 0.158484  3.608421 0.434425  3.173996 0.879608 15 29
DHV26_2rc2X3_ali_2rc0X1 0.843392 0.122096  3.604275 0.438337  3.165938 0.878384 15 29
DHV27_5ktaA1_ali_5ktcA2 0.936603 0.636259  7.498583 0.376759  7.121825 0.949756 15 30
DHV27_5ktaA1_ali_5ktdA2 0.936582 0.602834  7.481007 0.353876  7.127131 0.952697 15 30
DHV27_5ktcA2_ali_5ktaA1 0.942028 0.636259  7.496233 0.747330  6.748903 0.900306 15 30
DHV27_5ktcA2_ali_5ktdA2 0.899073 0.092975  0.096733 0.050082  0.046652 0.482271 15 30
DHV27_5ktdA2_ali_5ktaA1 0.940588 0.602834  7.479917 0.640687  6.839231 0.914346 15 30
DHV27_5ktdA2_ali_5ktcA2 0.890186 0.092975  0.100102 0.051469  0.048633 0.485837 15 30
DHV28_2yjdB2_ali_3omqA2 0.932444 0.491929  2.175355 0.306535  1.868820 0.859087 15 26
DHV28_3omqA2_ali_2yjdB2 0.904184 0.491929  2.163652 0.364999  1.798653 0.831304 15 26
DHV29_3illA1_ali_3iloA2 0.900416 0.574008  4.771385 0.755369  4.016016 0.841688 15 29
DHV29_3iloA2_ali_3illA1 0.890273 0.574008  4.784379 0.643369  4.141010 0.865527 15 29
DHV30_2xguA1_ali_2xgyA2 0.976679 0.658150  7.619885 0.658851  6.961035 0.913535 15 24
DHV30_2xgyA2_ali_2xguA1 0.977497 0.658150  7.628449 0.811846  6.816604 0.893577 15 24
#-------------------------------------------------------------------------------
#Avg(392):              0.888565 0.312535  2.452556 0.347538  2.105019 0.731011 13 25
#Sig(392):              0.071559 0.229308  2.520529 0.265057  2.332673 0.163590  2  3
#Med(392):              0.910287 0.230743  1.596341 0.293383  1.055796 0.745043 12 24
