# ID   Init  Target  RmsdIni  Aligned  Rmsd-F1  Rmsd-F2  Best  RmsdLow  Aligned  Best RmsdLow1  Aligned  Best RmsdLow2  Aligned
#-----------------------------------------------------------------------------------------------------------------
DHV01 3iu1B1 3iu2A2 3.391637 1.908303 3.416676 3.353463 8747 1.551187 1.390372 8747 1.569473 1.390364 8747 1.576847 1.390397
DHV01 3iu1B1 3iweA2 3.529270 1.939580 3.551156 3.532997 8747 1.702045 1.438711 8747 1.707608 1.438736 8747 1.720461 1.438750
DHV01 3iu1B1 3jtkA2 3.558566 1.938149 3.656821 3.595244 8051 1.648575 1.371836 8748 1.686386 1.455920 8748 1.697518 1.455814
DHV01 3iu2A2 3iu1B1 3.391637 1.908303 3.416598 3.353515 11544 1.568154 1.199294 11543 1.765371 1.199923 11543 1.695707 1.200020
DHV01 3iweA2 3iu1B1 3.529270 1.939580 3.551019 3.532968 109 1.802556 1.331706 109 1.839002 1.331622 109 1.833009 1.331685
DHV01 3jtkA2 3iu1B1 3.558566 1.938149 3.656840 3.595167 6109 1.613049 1.023801 6109 1.650735 1.023748 6109 1.676216 1.023841
DHV02 4hidA1 4hj7A2 2.246405 2.065376 2.311466 2.306218 9281 1.676791 1.283643 9282 1.557293 1.189907 9282 1.519338 1.189705
DHV02 4hikA1 4hj7A2 2.355192 2.000982 2.461681 2.468595 11121 1.477642 1.402152 7206 1.458453 1.266492 26750 1.473446 1.321035
DHV02 4himA1 4hj7A2 2.384363 2.035863 2.482540 2.571746 35255 1.388114 1.204411 14446 1.484129 1.395329 14447 1.438214 1.366998
DHV02 4hioA1 4hj7A2 2.316338 2.070766 2.454427 2.520905 12235 1.763878 1.631829 19496 1.714685 1.445108 19496 1.713937 1.445067
DHV02 4hj7A2 4hidA1 2.246405 2.065376 2.311455 2.306142 21315 1.889596 1.637986 29117 1.885032 1.633104 32498 1.901854 1.789171
DHV02 4hj7A2 4hikA1 2.355192 2.000982 2.461675 2.468680 31050 1.674821 1.621819 31050 1.683442 1.621814 31051 1.657016 1.584502
DHV02 4hj7A2 4himA1 2.384363 2.035863 2.482562 2.571820 15171 1.696304 1.674048 7978 1.726051 1.558137 31051 1.697922 1.624140
DHV02 4hj7A2 4hioA1 2.316338 2.070766 2.454385 2.520912 15171 1.860719 1.783971 31049 1.875746 1.776536 31050 1.860406 1.744594
DHV02 4hj7A2 4hj9A1 2.324016 1.968637 2.349363 2.401775 31050 1.665656 1.601253 31050 1.693181 1.601317 31050 1.653615 1.601304
DHV02 4hj9A1 4hj7A2 2.324016 1.968637 2.349312 2.401776 2644 1.542815 1.288026 2645 1.388414 1.254996 2645 1.386748 1.255090
DHV03 4kfrB1 4kfuA2 4.538290 2.988705 4.942387 5.148537 1300 2.221689 1.946209 1302 2.147765 1.906430 1302 2.246729 1.906328
DHV03 4kfuA2 4kfrB1 4.538290 2.988705 4.942425 5.148511 19429 2.318421 2.150946 19432 2.573266 2.007416 19433 2.498705 1.972990
DHV04 3waeA1 3wafB2 3.121537 1.942378 3.323115 3.259986 5020 1.639489 1.536244 11880 1.813451 1.355518 11880 1.777115 1.355630
DHV04 3wafB2 3waeA1 3.121537 1.942378 3.323023 3.259840 16036 1.778671 1.606146 29505 1.828423 1.435282 29504 1.792374 1.453777
DHV05 3mp6A1 3mp8A2 5.333890 1.824037 4.838025 4.952556 11864 2.104945 1.789969 15225 1.813697 1.400926 12597 1.940320 1.769390
DHV05 3mp8A2 3mp6A1 5.333890 1.824037 4.837978 4.952580 7007 2.206913 1.621101 15035 1.891587 1.330479 7006 1.989242 1.586514
DHV06 1xbbA1 4fyoA2 3.146605 1.235989 2.131796 2.173250 33388 1.393638 0.990770 33385 0.992595 0.828330 33386 1.023877 0.840844
DHV06 1xbbA1 4i0sA2 3.783815 1.265349 2.327652 2.371544 6596 1.533947 1.215901 6467 0.959677 0.759478 6467 0.915461 0.759463
DHV06 1xbbA1 4i0tA2 2.588095 0.893061 1.818299 1.909885 4061 1.826424 1.154799 3354 1.354580 1.004995 3355 1.380257 1.089906
DHV06 4fyoA2 1xbbA1 3.146605 1.235989 2.131807 2.173308 2505 1.362761 0.906996 6734 1.075080 0.823918 6734 1.029076 0.823838
DHV06 4i0sA2 1xbbA1 3.783815 1.265349 2.327638 2.371544 22129 1.588910 1.075314 22124 1.090620 1.024935 21272 0.992638 0.649368
DHV06 4i0tA2 1xbbA1 2.588095 0.893061 1.818377 1.909941 34775 1.663289 1.069432 27246 1.187428 0.833233 27246 1.198368 0.833281
DHV07 3n4fA1 3qpeD2 4.170553 2.230568 4.016146 4.146007 4657 2.254919 1.258877 4657 1.942400 1.258827 4657 2.155235 1.258844
DHV07 3n4fA1 3vccA2 4.168294 2.220217 4.018050 4.101372 4657 2.257630 1.297799 4657 1.939743 1.297866 4657 2.097617 1.297759
DHV07 3qpeD2 3n4fA1 4.170553 2.230568 4.016253 4.145965 6034 1.976098 1.763593 6033 1.951345 1.764206 6034 1.947399 1.763569
DHV07 3vccA2 3n4fA1 4.168294 2.220217 4.018091 4.101452 4235 2.400693 1.976922 14899 2.131638 1.635088 4235 2.215383 1.976887
DHV08 2vovA1 2voxA2 3.044211 2.069079 3.059720 3.079810 18235 1.665273 1.426638 18235 1.638123 1.426599 18235 1.638681 1.426615
DHV08 2voxA2 2vovA1 3.044211 2.069079 3.059658 3.079775 8795 1.791658 1.655602 5041 1.784193 1.618065 5041 1.791805 1.618054
DHV09 2q9fA1 3mdmA2 4.778412 2.650369 4.131005 4.669844 10556 2.256563 2.031349 9431 2.119539 1.671310 9434 1.876717 1.609490
DHV09 3mdmA2 2q9fA1 4.778412 2.650369 4.130995 4.669879 13783 2.756313 2.178396 4895 2.675066 2.291233 6145 2.642727 2.101016
DHV10 3irsC1 3k4wL2 4.385589 2.142770 4.001242 4.200402 36717 1.949938 1.343186 36715 1.846915 1.373809 36717 1.865425 1.343231
DHV10 3k4wL2 3irsC1 4.385589 2.142770 4.001297 4.200456 880 2.247026 2.048853 878 2.606186 2.108252 879 2.581503 2.077542
DHV11 3gnoA1 3gnrA2 0.174451 0.126652 0.197808 0.166860 1 0.174451 0.126652 15134 0.156013 0.117729 1 0.166860 0.126624
DHV11 3gnpA1 3gnrA2 4.151319 2.780160 4.257992 4.294011 27494 2.152896 1.899046 38074 2.121589 1.728404 38074 2.124736 1.728413
DHV11 3gnrA2 3gnoA1 0.174451 0.126652 0.197804 0.166843 1 0.174451 0.126652 19583 0.177725 0.155891 1 0.166843 0.126650
DHV11 3gnrA2 3gnpA1 4.151319 2.780160 4.257946 4.294098 25401 1.999434 1.706273 9333 1.974868 1.949382 9333 1.974087 1.949493
DHV12 4fj7A1 4fjnA2 7.337267 1.193652 6.081518 6.652131 37669 2.177174 1.784250 37664 2.164033 1.692970 37666 2.199997 1.745166
DHV12 4fj9A1 4fjnA2 7.435806 1.194524 6.101988 6.647079 31657 1.773486 1.501951 31651 1.705427 1.468962 31653 1.762470 1.468026
DHV12 4fjjA1 4fjnA2 7.405260 1.201911 6.208795 6.815679 34559 1.657900 1.527174 13578 1.771891 1.333296 34557 1.746464 1.549588
DHV12 4fjlA1 4fjnA2 6.937016 1.198435 7.440466 7.321143 9562 1.590685 1.240011 9564 1.561206 1.296855 9563 1.549212 1.270491
DHV12 4fjnA2 4fj7A1 7.337267 1.193652 6.081606 6.652103 2395 1.895941 1.355573 27519 1.744843 1.265558 27521 1.806300 1.264237
DHV12 4fjnA2 4fj9A1 7.435806 1.194524 6.101924 6.647212 2396 1.846432 1.377651 27519 1.743604 1.256182 27521 1.769477 1.254131
DHV12 4fjnA2 4fjjA1 7.405260 1.201911 6.208774 6.815666 20911 1.910869 1.518541 27519 1.809564 1.257624 27521 1.869491 1.253564
DHV12 4fjnA2 4fjlA1 6.937016 1.198435 7.440494 7.321160 24818 1.796205 1.342871 24820 1.773759 1.373870 24819 1.754649 1.362444
DHV12 4fjnA2 4fk2A1 7.471080 1.210297 5.874780 6.648923 20912 1.848459 1.514627 6014 1.763938 1.539603 24817 1.857732 1.602671
DHV12 4fjnA2 4fk4A1 7.331226 1.210462 6.514220 6.870125 24819 1.881120 1.591344 24817 1.768022 1.565345 24818 1.797565 1.576773
DHV12 4fjnA2 4m3tA1 7.366190 1.203172 6.049891 6.674396 20911 1.929262 1.587793 24814 1.809594 1.558259 24817 1.823321 1.593139
DHV12 4fjnA2 4m3yA1 7.396262 1.241120 6.576531 6.975499 2395 1.881722 1.348112 2392 1.823686 1.330882 2394 1.831455 1.331487
DHV12 4fjnA2 4m3zA1 7.436250 1.241807 6.243339 6.910376 20911 1.902753 1.572338 27519 1.846178 1.284852 24818 1.841653 1.597212
DHV12 4fjnA2 4m45A1 7.343236 1.442772 8.198654 8.058262 24819 1.933298 1.609905 24824 2.069302 1.623878 24823 2.030742 1.631842
DHV12 4fk2A1 4fjnA2 7.471080 1.210297 5.874799 6.648942 43541 2.013404 1.456396 43536 1.710251 1.273150 43539 1.772787 1.366511
DHV12 4fk4A1 4fjnA2 7.331226 1.210462 6.514287 6.870034 9589 2.116072 1.589341 9586 1.970301 1.500045 9588 2.023518 1.565474
DHV12 4m3tA1 4fjnA2 7.366190 1.203172 6.049708 6.674404 38352 1.709088 1.328437 39152 1.600267 1.201365 39153 1.592362 1.237037
DHV12 4m3yA1 4fjnA2 7.396262 1.241120 6.576470 6.975495 39916 2.244137 1.704189 39914 2.131077 1.642263 39915 2.194330 1.673185
DHV12 4m3zA1 4fjnA2 7.436250 1.241807 6.243352 6.910485 33727 1.834088 1.476796 33723 1.717891 1.344463 33725 1.784644 1.404426
DHV12 4m45A1 4fjnA2 7.343236 1.442772 8.198653 8.058303 29177 2.276515 1.782511 29178 2.225928 1.755637 29178 2.210436 1.755690
DHV13 2pa5A1 4iczA2 3.368281 1.550222 3.014391 3.170985 14716 1.285657 1.067734 14715 1.197123 1.068824 14716 1.171583 1.067746
DHV13 4ge2A1 4iczA2 3.409628 1.573672 3.001853 3.271570 21476 1.194385 0.953956 28157 1.110447 0.813523 21475 1.067548 0.965189
DHV13 4ge6B1 4iczA2 3.127735 1.581107 2.915477 3.082001 20165 1.128095 0.846338 2091 1.283325 1.050855 23925 1.165867 0.988434
DHV13 4iczA2 2pa5A1 3.368281 1.550222 3.014326 3.171007 9488 1.925136 1.506918 9487 1.745317 1.448971 9488 1.795303 1.506953
DHV13 4iczA2 4ge2A1 3.409628 1.573672 3.001831 3.271577 9489 1.927891 1.553323 9487 1.722153 1.427310 9488 1.822252 1.481227
DHV13 4iczA2 4ge6B1 3.127735 1.581107 2.915541 3.082068 31215 1.802166 1.526190 9487 1.739567 1.440337 9488 1.739789 1.496171
DHV14 4jhxA1 4kwtC2 2.852302 2.114242 2.773137 2.765586 9075 1.908629 1.785358 14832 1.741647 1.681397 14832 1.734487 1.681382
DHV14 4kwtC2 4jhxA1 2.852302 2.114242 2.773115 2.765694 6532 1.969478 1.612230 6533 1.833668 1.623002 6533 1.826320 1.623010
DHV15 3agnA1 3agoA2 7.190255 3.835508 6.984541 7.046348 37277 2.602167 2.365096 37276 2.501407 2.330651 37277 2.518380 2.365155
DHV15 3agnA1 3ahwA3 5.524631 3.669068 5.849254 5.976568 14662 2.201717 1.891468 28298 2.167086 1.529022 28299 2.105157 1.493644
DHV15 3agoA2 3agnA1 7.190255 3.835508 6.984575 7.046278 33687 4.468267 2.375469 33686 4.297981 2.347297 33686 4.325786 2.347348
DHV15 3agoA2 3ahwA3 5.328310 2.919312 4.390720 4.350041 11424 2.956918 2.792767 21172 2.623682 2.123986 21172 2.587457 2.124026
DHV15 3ahwA3 3agnA1 5.524631 3.669068 5.849200 5.976620 19137 2.840199 2.410736 19139 2.820044 2.305680 19139 2.803715 2.305834
DHV15 3ahwA3 3agoA2 5.328310 2.919312 4.390811 4.349967 27185 2.118885 1.821033 2622 2.392241 1.925470 2622 2.380230 1.925392
DHV16 1a4uB1 1b16B2 2.482385 2.262395 2.497377 2.448571 23482 1.857677 1.824282 14143 1.830763 1.739720 14143 1.829429 1.739658
DHV16 1a4uB1 1b2lA3 1.724446 1.559398 1.855775 1.836921 5842 1.282270 1.104091 5842 1.273087 1.104120 4139 1.213852 1.055356
DHV16 1a4uB1 1sbyB2 2.427747 2.248871 2.419592 2.406690 32351 1.809816 1.729948 32351 1.808744 1.729982 32351 1.789085 1.729866
DHV16 1b16B2 1a4uB1 2.482385 2.262395 2.497333 2.448595 23048 1.704558 1.646852 23047 1.765427 1.676103 23047 1.729774 1.676148
DHV16 1b16B2 1b2lA3 3.191092 2.745202 3.293864 3.307383 37740 1.242702 1.129627 23052 1.190301 1.095183 37741 1.171071 1.065069
DHV16 1b2lA3 1a4uB1 1.724446 1.559398 1.855786 1.836949 36589 1.307190 1.222857 36589 1.398429 1.222858 8846 1.335777 1.281194
DHV16 1b2lA3 1b16B2 3.191092 2.745202 3.293812 3.307300 17200 2.038113 1.703099 17201 1.943260 1.669021 17201 2.018375 1.669068
DHV16 1b2lA3 1sbyB2 3.083990 2.691342 3.208126 3.212172 36594 2.026508 1.952776 17200 1.973494 1.784624 36594 2.051300 1.952778
DHV16 1sbyB2 1a4uB1 2.427747 2.248871 2.419590 2.406831 6981 1.730329 1.642626 6981 1.746680 1.642605 6980 1.716219 1.656131
DHV16 1sbyB2 1b2lA3 3.083990 2.691342 3.208059 3.212106 14215 1.168210 0.977182 14216 1.010348 0.963576 14216 1.086953 0.963623
DHV17 3hszA1 3ht0A2 11.339941 2.376968 10.338454 10.694256 39827 2.356482 1.579094 17511 2.595159 1.613553 17511 2.399177 1.613578
DHV17 3ht0A2 3hszA1 11.339941 2.376968 10.338389 10.694242 38743 1.811170 1.501338 38740 2.344229 1.717892 38741 2.037065 1.611039
DHV18 3m7wD1 4guiB2 4.379226 1.854956 3.718318 3.728319 38489 1.995885 1.652713 38487 1.794044 1.537609 38487 1.805838 1.537669
DHV18 3m7wD1 4gujB2 4.368411 1.840645 3.841743 3.829728 38489 2.135295 1.728148 38486 2.005846 1.571369 38487 1.997438 1.607318
DHV18 3oexB1 4guiB2 4.573777 1.917133 3.913511 3.919504 4484 2.330481 1.804213 16017 2.249484 1.887408 4482 2.260764 1.864424
DHV18 3oexB1 4gujB2 4.562026 1.914783 4.052061 4.040384 4484 2.310617 1.820829 10276 2.250502 1.943080 16018 2.276140 1.942035
DHV18 4gfsA1 4guiB2 4.557187 1.961713 3.952352 3.999983 35704 2.641453 2.054837 26080 2.511167 1.939405 35703 2.535062 2.058491
DHV18 4gfsA1 4gujB2 4.553254 1.962090 4.089745 4.120125 5547 2.589395 2.154244 26081 2.483971 2.021041 26081 2.535448 2.021001
DHV18 4guiB2 3m7wD1 4.379226 1.854956 3.718240 3.728291 18286 2.595061 2.013680 5760 2.447858 1.762617 5760 2.480100 1.762572
DHV18 4guiB2 3oexB1 4.573777 1.917133 3.913505 3.919508 18287 2.639758 2.083732 18285 2.461174 1.998171 18285 2.439230 1.998135
DHV18 4guiB2 4gfsA1 4.557187 1.961713 3.952518 3.999982 18287 2.574717 2.049182 18285 2.390416 1.975809 18285 2.388661 1.975750
DHV18 4gujB2 3m7wD1 4.368411 1.840645 3.841807 3.829759 3422 2.750461 2.064572 17833 2.387287 1.669416 17833 2.438200 1.669423
DHV18 4gujB2 3oexB1 4.562026 1.914783 4.052162 4.040329 3423 2.840916 2.179116 15341 2.435674 1.959908 15341 2.458706 1.959947
DHV18 4gujB2 4gfsA1 4.553254 1.962090 4.089698 4.120159 15342 2.855090 2.017375 15341 2.457399 2.002032 15341 2.508899 2.002107
DHV19 1dg3A1 1f5nA2 5.393373 2.444412 5.090337 5.294811 34655 2.583561 2.198660 26010 2.569649 2.272090 26011 2.670706 2.263429
DHV19 1f5nA2 1dg3A1 5.393373 2.444412 5.090385 5.294774 8176 2.946430 2.699819 30543 3.005320 2.456119 8175 3.066428 2.637127
DHV20 3phgA1 3phhA2 3.147480 2.734425 3.230659 3.265659 19953 2.697003 2.491358 19953 2.616124 2.491406 19953 2.649577 2.491306
DHV20 3phhA2 3phgA1 3.147480 2.734425 3.230685 3.265683 16123 2.523139 2.275197 23971 2.641375 2.504955 23971 2.657284 2.504822
DHV21 3d05A1 3d06A2 4.286800 3.557812 4.377587 4.377400 10541 3.049649 2.622310 10541 3.084462 2.622313 10541 3.081306 2.622299
DHV21 3d06A2 3d05A1 4.286800 3.557812 4.377522 4.377357 21058 3.126601 2.702921 21058 3.199675 2.702898 21058 3.196960 2.702967
DHV22 3v0dB1 3v0fA2 6.813019 4.158182 6.589425 6.692416 303 4.164389 3.008509 10988 4.103311 3.128208 10990 4.138131 3.113952
DHV22 3v0dB1 3v0hB3 8.631643 3.310557 9.204631 8.913198 9997 3.216614 2.876583 38987 3.212752 2.753110 38985 3.185547 2.755533
DHV22 3v0fA2 3v0dB1 6.813019 4.158182 6.589422 6.692443 10491 3.721278 2.893672 10490 3.900940 2.934772 10491 3.837247 2.893702
DHV22 3v0fA2 3v0gB1 7.214301 4.631742 6.847206 7.106975 10492 4.062456 3.346132 10491 4.430180 3.382484 10492 4.233980 3.346037
DHV22 3v0fA2 3v0hB3 8.670463 4.307013 9.030132 8.883784 29102 3.085024 2.532640 26307 3.322193 2.071253 29102 3.174407 2.532678
DHV22 3v0gB1 3v0fA2 7.214301 4.631742 6.847207 7.107046 5700 5.156532 3.097484 5699 4.640720 3.129832 5700 4.839533 3.097453
DHV22 3v0gB1 3v0hB3 8.509580 3.432950 8.837366 8.719008 26739 3.313096 2.899507 8702 3.331765 2.915735 8702 3.316241 2.915722
DHV22 3v0hB3 3v0dB1 8.631643 3.310557 9.204672 8.913221 39740 2.818833 2.419645 39743 2.642046 2.335708 39741 2.696427 2.388722
DHV22 3v0hB3 3v0fA2 8.670463 4.307013 9.030124 8.883780 42054 3.102732 2.420159 21135 2.944655 2.540223 21135 3.184984 2.540310
DHV22 3v0hB3 3v0gB1 8.509580 3.432950 8.837218 8.719027 40160 2.770938 2.199656 40160 2.777603 2.199612 40160 2.757024 2.199689
DHV23 4mxrB1 4myfA2 2.874048 1.181602 3.092714 2.958087 33863 1.448814 1.102707 33864 1.442143 1.116317 33864 1.430786 1.116395
DHV23 4mxrB1 4mykA2 2.837557 1.150751 3.107913 2.786766 35918 1.416436 1.024378 33864 1.458183 1.123882 33863 1.431289 1.108143
DHV23 4mxrB1 4mylA2 2.814816 1.153954 2.917711 2.850824 35918 1.309887 1.086954 33864 1.357394 1.093545 33864 1.345835 1.093480
DHV23 4myfA2 4mxrB1 2.874048 1.181602 3.092731 2.957998 1335 1.341489 0.944083 1336 1.333390 0.999147 1336 1.306818 0.999135
DHV23 4mykA2 4mxrB1 2.837557 1.150751 3.107842 2.786801 36801 1.738944 1.075736 18219 1.813474 1.060843 18217 1.732414 1.014312
DHV23 4mylA2 4mxrB1 2.814816 1.153954 2.917777 2.850737 27761 1.648398 1.130164 32909 1.513655 1.119819 32908 1.466698 1.069689
DHV24 2ce2X1 2cl0X2 1.702854 1.569599 1.680224 1.601381 12521 1.492589 1.359876 37270 1.532639 1.502896 12520 1.461903 1.378311
DHV24 2ce2X1 2cl6X3 2.444077 1.800741 2.428532 2.421851 25196 2.043399 1.823989 24277 1.936917 1.696863 24277 2.072706 1.696848
DHV24 2ce2X1 2cl7X4 1.700652 1.603122 2.177324 2.020248 2045 1.534155 1.417134 27130 1.953106 1.429874 27130 1.780344 1.429841
DHV24 2ce2X1 2clcX4 1.614867 1.549723 2.061217 1.892064 32683 1.510170 1.430776 16150 1.894028 1.533421 27130 1.734254 1.417226
DHV24 2ce2X1 2evwX4 1.592245 1.487992 1.824912 1.759684 32682 1.513825 1.421525 28192 1.630769 1.434907 12520 1.607699 1.363878
DHV24 2cl0X2 2ce2X1 1.702854 1.569599 1.680273 1.601370 15141 1.601883 1.543504 32696 1.564776 1.548556 5720 1.563909 1.540907
DHV24 2cl0X2 2cl6X3 2.359445 2.029318 2.428899 2.487818 30435 2.138956 1.905193 30741 2.143677 1.981966 30742 2.030372 1.939971
DHV24 2cl0X2 2cl7X4 1.519822 1.471347 1.942127 1.822205 30812 1.325772 1.294212 32312 1.550974 1.281604 32312 1.463510 1.281700
DHV24 2cl0X2 2clcX4 1.380516 1.326111 1.758827 1.606650 15141 1.186838 1.106356 32312 1.383138 1.087913 32312 1.276192 1.087904
DHV24 2cl0X2 2evwX4 1.204425 1.098032 1.256433 1.342649 15140 1.044744 0.956803 32311 0.977218 0.871139 10621 1.027702 0.886733
DHV24 2cl6X3 2ce2X1 2.444077 1.800741 2.428499 2.421861 23962 2.090048 1.768563 33812 1.998272 1.706351 28103 1.975136 1.561644
DHV24 2cl6X3 2cl0X2 2.359445 2.029318 2.428848 2.487773 6422 2.158894 1.742678 33812 2.096688 1.883334 28102 2.179441 1.852685
DHV24 2cl6X3 2cl7X4 1.989886 1.435492 2.044290 2.124301 10886 1.655407 1.380458 10887 1.688766 1.383595 10887 1.688897 1.383586
DHV24 2cl6X3 2clcX4 2.040832 1.487690 2.045366 2.164306 10886 1.724574 1.434193 21008 1.725367 1.427190 10887 1.760097 1.438504
DHV24 2cl6X3 2evwX4 2.108163 1.670252 2.132160 2.092767 33811 1.790348 1.522667 33812 1.787291 1.514478 33811 1.815267 1.522640
DHV24 2cl7X4 2ce2X1 1.700652 1.603122 2.177263 2.020280 26917 1.575710 1.503060 20522 1.930380 1.569972 22211 1.837630 1.496885
DHV24 2cl7X4 2cl0X2 1.519822 1.471347 1.942171 1.822187 5527 1.292961 1.274050 22880 1.617011 1.310813 15283 1.515328 1.269629
DHV24 2cl7X4 2cl6X3 1.989886 1.435492 2.044364 2.124316 15127 1.702430 1.407267 33101 1.738774 1.483002 33483 1.740167 1.400380
DHV24 2clcX4 2ce2X1 1.614867 1.549723 2.061156 1.891940 18412 1.528505 1.481926 25649 1.787591 1.484123 2056 1.760971 1.492083
DHV24 2clcX4 2cl0X2 1.380516 1.326111 1.758853 1.606732 13430 1.169766 1.141355 19310 1.529533 1.222368 1842 1.425120 1.211523
DHV24 2clcX4 2cl6X3 2.040832 1.487690 2.045371 2.164234 42283 1.696707 1.356226 2057 1.710031 1.306786 42284 1.690718 1.409536
DHV24 2evwX4 2ce2X1 1.592245 1.487992 1.824899 1.759548 36487 1.498179 1.434376 12010 1.641822 1.487345 23992 1.633119 1.424699
DHV24 2evwX4 2cl0X2 1.204425 1.098032 1.256414 1.342590 20077 1.062091 0.917015 29427 1.127050 1.024636 3855 1.151264 1.004552
DHV24 2evwX4 2cl6X3 2.108163 1.670252 2.132182 2.092759 26495 1.875724 1.653456 22713 1.857278 1.727695 22712 1.843048 1.681858
DHV25 1gqyB1 1p31B2 9.517024 4.146826 10.368565 10.385951 7709 3.061033 2.682742 7712 3.124439 2.734298 7712 3.172206 2.734159
DHV25 1gqyB1 1p3dA2 9.555023 4.136608 10.292182 10.293111 7709 2.985857 2.676841 7711 3.112295 2.723881 7710 3.139237 2.701961
DHV25 1p31B2 1gqyB1 9.517024 4.146826 10.368645 10.385989 2045 3.770898 3.132493 5111 3.337153 2.510227 5111 3.477940 2.510224
DHV25 1p3dA2 1gqyB1 9.555023 4.136608 10.292176 10.293047 29142 4.360751 2.350403 29143 4.098657 2.304255 29144 4.071161 2.280711
DHV26 2rbtX1 2rbuX2 5.244397 3.729509 5.297460 5.283293 26308 3.039800 2.781851 18359 2.996369 2.557385 18359 3.020060 2.557383
DHV26 2rbtX1 2rbwX3 3.490698 2.775588 3.564813 3.550274 18351 2.483866 2.235540 18351 2.499595 2.235473 18351 2.506849 2.235630
DHV26 2rbtX1 2rc2X3 3.518186 2.799152 3.559979 3.566860 18351 2.531355 2.269563 18351 2.541877 2.269555 18351 2.542610 2.269564
DHV26 2rbuX2 2rbtX1 5.244397 3.729509 5.297412 5.283291 25059 2.657367 2.306041 25059 2.695381 2.306043 25059 2.669786 2.306043
DHV26 2rbuX2 2rbvX1 5.225000 3.693643 5.278630 5.256628 25059 2.636933 2.278753 1836 2.648948 2.417458 25059 2.647929 2.278757
DHV26 2rbuX2 2rbwX3 2.551436 1.727203 2.570005 2.594005 16782 1.597104 1.463350 16782 1.587390 1.463389 16782 1.591179 1.463358
DHV26 2rbuX2 2rbxX1 5.306784 3.859956 5.379364 5.361305 25059 2.778121 2.408900 25059 2.813330 2.408952 25059 2.809176 2.408934
DHV26 2rbuX2 2rbyX1 5.277483 3.790748 5.330826 5.313529 25059 2.727878 2.354880 25059 2.750303 2.354940 25059 2.730911 2.354843
DHV26 2rbuX2 2rbzX1 5.328130 3.842633 5.396559 5.381306 25059 2.770292 2.383268 25059 2.798018 2.383255 25059 2.779603 2.383260
DHV26 2rbuX2 2rc0X1 5.318430 3.868016 5.383895 5.375328 25059 2.807032 2.417460 25059 2.829646 2.417416 25059 2.799003 2.417391
DHV26 2rbuX2 2rc2X3 2.508212 1.695261 2.563434 2.562675 16782 1.561463 1.441087 16782 1.557961 1.441098 16782 1.560896 1.441113
DHV26 2rbvX1 2rbuX2 5.225000 3.693643 5.278634 5.256697 31610 2.867742 2.326401 31610 2.895710 2.326370 31610 2.866089 2.326448
DHV26 2rbvX1 2rbwX3 3.478768 2.756110 3.551339 3.533090 39187 2.415275 2.163524 39189 2.379052 2.089411 39188 2.393609 2.123641
DHV26 2rbvX1 2rc2X3 3.506246 2.779574 3.545522 3.549217 39187 2.462671 2.182704 39188 2.423963 2.142011 39188 2.428060 2.142025
DHV26 2rbwX3 2rbtX1 3.490698 2.775588 3.564939 3.550315 27733 2.036666 1.901890 27734 2.076573 1.916297 27734 2.074349 1.916404
DHV26 2rbwX3 2rbuX2 2.551436 1.727203 2.570103 2.593915 7350 1.429686 1.229198 7985 1.445672 1.374130 7985 1.438362 1.374088
DHV26 2rbwX3 2rbvX1 3.478768 2.756110 3.551353 3.533134 27733 2.037224 1.898876 27734 2.074249 1.915053 27734 2.071556 1.915086
DHV26 2rbwX3 2rbxX1 3.599814 2.915874 3.690681 3.684296 27734 2.169751 2.025808 27734 2.199273 2.025771 27734 2.205484 2.025844
DHV26 2rbwX3 2rbyX1 3.535106 2.829721 3.606963 3.592727 27733 2.081639 1.944159 27734 2.110389 1.956564 27734 2.110202 1.956570
DHV26 2rbwX3 2rbzX1 3.597184 2.881279 3.689416 3.678339 27734 2.146247 1.993558 27734 2.179355 1.993606 27734 2.180652 1.993513
DHV26 2rbwX3 2rc0X1 3.592869 2.896641 3.676615 3.665701 27734 2.161311 2.017358 27734 2.187697 2.017416 27734 2.184758 2.017398
DHV26 2rbxX1 2rbuX2 5.306784 3.859956 5.379241 5.361264 14722 2.959739 2.711432 14723 2.967561 2.678013 14723 2.965715 2.678089
DHV26 2rbxX1 2rbwX3 3.599814 2.915874 3.690712 3.684222 14714 2.721556 2.573549 40540 2.737155 2.532619 40540 2.736063 2.532605
DHV26 2rbxX1 2rc2X3 3.628091 2.940102 3.687623 3.701161 14714 2.750873 2.603359 40540 2.784174 2.568374 40540 2.783683 2.568307
DHV26 2rbyX1 2rbuX2 5.277483 3.790748 5.330787 5.313481 22229 3.034800 2.768245 22229 3.013017 2.768204 22229 3.024019 2.768226
DHV26 2rbyX1 2rbwX3 3.535106 2.829721 3.606955 3.592787 22219 2.657678 2.534276 22220 2.682650 2.517381 22220 2.690072 2.517325
DHV26 2rbyX1 2rc2X3 3.562168 2.853329 3.602525 3.609457 22219 2.694135 2.569596 22220 2.724948 2.552585 22220 2.724237 2.552602
DHV26 2rbzX1 2rbuX2 5.328130 3.842633 5.396502 5.381349 28856 3.210232 2.952244 28856 3.210110 2.952206 28856 3.217300 2.952214
DHV26 2rbzX1 2rbwX3 3.597184 2.881279 3.689473 3.678381 24650 2.798306 2.587936 28804 2.764703 2.257045 28804 2.780411 2.257005
DHV26 2rbzX1 2rc2X3 3.625098 2.904645 3.685016 3.694712 41026 2.820166 2.594606 28804 2.830048 2.294208 28804 2.836387 2.294181
DHV26 2rc0X1 2rbuX2 5.318430 3.868016 5.383856 5.375395 21735 3.112718 2.787138 21735 3.103328 2.787143 21735 3.101658 2.787177
DHV26 2rc0X1 2rbwX3 3.592869 2.896641 3.676648 3.665606 11833 2.759507 2.573012 11834 2.781299 2.555948 11833 2.783862 2.572946
DHV26 2rc0X1 2rc2X3 3.621006 2.921560 3.673553 3.683544 11833 2.817103 2.616382 11833 2.833068 2.616332 11833 2.831980 2.616394
DHV26 2rc2X3 2rbtX1 3.518186 2.799152 3.559814 3.566921 8576 2.233034 2.040126 38403 2.182044 1.857651 38403 2.192021 1.857764
DHV26 2rc2X3 2rbuX2 2.508212 1.695261 2.563467 2.562633 30501 1.306496 1.225546 30501 1.294725 1.225575 30501 1.282225 1.225540
DHV26 2rc2X3 2rbvX1 3.506246 2.779574 3.545640 3.549238 8576 2.231978 2.037442 38403 2.161737 1.839652 38403 2.162048 1.839619
DHV26 2rc2X3 2rbxX1 3.628091 2.940102 3.687740 3.701146 8577 2.339615 2.090658 38403 2.305342 1.990970 38403 2.288783 1.990945
DHV26 2rc2X3 2rbyX1 3.562168 2.853329 3.602465 3.609527 8576 2.279427 2.069956 38403 2.222547 1.906586 38403 2.222420 1.906653
DHV26 2rc2X3 2rbzX1 3.625098 2.904645 3.684986 3.694754 8577 2.329816 2.067606 38403 2.261308 1.950268 38403 2.265124 1.950265
DHV26 2rc2X3 2rc0X1 3.621006 2.921560 3.673524 3.683566 38403 2.332009 1.962082 38403 2.265764 1.962074 38403 2.279233 1.962049
DHV27 5ktaA1 5ktcA2 7.514289 2.664489 7.364951 7.343855 7670 3.703357 2.808030 28985 3.507844 2.813174 28985 3.521461 2.813211
DHV27 5ktaA1 5ktdA2 7.496842 2.678220 7.309165 7.317643 7670 3.690676 2.833575 28985 3.526400 2.817608 28985 3.539728 2.817624
DHV27 5ktcA2 5ktaA1 7.514289 2.664489 7.364874 7.343822 43417 4.945927 3.538996 37534 5.348796 3.567350 37534 5.250185 3.567377
DHV27 5ktdA2 5ktaA1 7.496842 2.678220 7.309091 7.317729 4762 4.214102 3.171266 4761 4.395464 3.212982 4761 4.384247 3.213003
DHV29 3illA1 3iloA2 4.798865 2.576182 4.904924 5.005795 24033 2.703122 2.107091 17121 2.709806 2.186076 37252 2.875809 1.917705
DHV29 3iloA2 3illA1 4.798865 2.576182 4.904925 5.005829 16622 2.788126 2.075444 16622 2.720368 2.075480 16624 2.619776 2.053245
DHV30 2xguA1 2xgyA2 7.638831 1.975868 6.976662 7.159991 33533 2.170121 1.391805 15954 1.834970 1.437498 15955 1.858962 1.413699
DHV30 2xgyA2 2xguA1 7.638831 1.975868 6.976691 7.159900 8033 2.163017 1.712195 8030 2.236857 1.599697 8030 2.258316 1.599665
