# Morphing                 Delta0    RmsdA    RmsdI    RmsdF    RmsdD   Motion N_res N_dh
#-----------------------------------------------------------------------------------
DHV01_3iu1B1_ali_3iu2A2_nt1 0.894084 0.157997  3.213334 0.342065  2.871270 0.893548 11 21
DHV01_3iu1B1_ali_3iweA2_nt1 0.904676 0.151825  3.343697 0.329774  3.013923 0.901374 11 21
DHV01_3iu1B1_ali_3jtkA2_nt1 0.905320 0.244690  3.374833 0.238062  3.136771 0.929460 11 21
DHV01_3iu2A2_ali_3iu1B1_nt1 0.901636 0.157997  3.213616 0.559679  2.653937 0.825841 11 21
DHV01_3iu2A2_ali_3iweA2_nt1 0.958026 0.145483  0.345281 0.101383  0.243898 0.706375 11 21
DHV01_3iu2A2_ali_3jtkA2_nt1 0.939480 0.157911  0.432755 0.155190  0.277566 0.641392 11 21
DHV01_3iweA2_ali_3iu1B1_nt1 0.895216 0.151825  3.350921 0.256882  3.094040 0.923340 11 21
DHV01_3iweA2_ali_3iu2A2_nt1 0.964102 0.145483  0.344463 0.089381  0.255082 0.740522 11 21
DHV01_3iweA2_ali_3jtkA2_nt1 0.900905 0.169140  0.277844 0.123310  0.154534 0.556189 11 21
DHV01_3jtkA2_ali_3iu1B1_nt1 0.901352 0.244690  3.378392 0.243160  3.135232 0.928025 11 21
DHV01_3jtkA2_ali_3iu2A2_nt1 0.909375 0.157911  0.439407 0.143280  0.296127 0.673925 11 21
DHV01_3jtkA2_ali_3iweA2_nt1 0.916454 0.169140  0.277496 0.115578  0.161918 0.583498 11 21
DHV02_4hidA1_ali_4hikA1_nt1 0.931774 0.323691  0.789436 0.285297  0.504139 0.638607 11 22
DHV02_4hidA1_ali_4himA1_nt1 0.931167 0.230753  0.722555 0.259554  0.463001 0.640783 11 22
DHV02_4hidA1_ali_4hioA1_nt1 0.886373 0.206131  0.201083 0.098327  0.102756 0.511013 11 22
DHV02_4hidA1_ali_4hj7A2_nt1 0.809935 0.396835  2.139493 0.391401  1.748091 0.817059 11 22
DHV02_4hidA1_ali_4hj9A1_nt1 0.917982 0.254113  0.741677 0.302715  0.438962 0.591851 11 22
DHV02_4hikA1_ali_4hidA1_nt1 0.932857 0.323691  0.790394 0.288462  0.501932 0.635040 11 22
DHV02_4hikA1_ali_4himA1_nt1 0.845028 0.185400  0.148088 0.085262  0.062826 0.424249 11 22
DHV02_4hikA1_ali_4hioA1_nt1 0.946756 0.288534  0.716049 0.234065  0.481984 0.673116 11 22
DHV02_4hikA1_ali_4hj7A2_nt1 0.837243 0.444217  2.225588 0.305119  1.920469 0.862904 11 22
DHV02_4hikA1_ali_4hj9A1_nt1 0.791226 0.165164  0.164849 0.106807  0.058041 0.352088 11 22
DHV02_4himA1_ali_4hidA1_nt1 0.933670 0.230753  0.724011 0.265714  0.458297 0.632998 11 22
DHV02_4himA1_ali_4hikA1_nt1 0.844631 0.185400  0.147869 0.086336  0.061533 0.416132 11 22
DHV02_4himA1_ali_4hioA1_nt1 0.948482 0.252865  0.637533 0.207581  0.429952 0.674399 11 22
DHV02_4himA1_ali_4hj7A2_nt1 0.839639 0.437201  2.264994 0.269232  1.995762 0.881133 11 22
DHV02_4himA1_ali_4hj9A1_nt1 0.791253 0.151938  0.140740 0.091908  0.048832 0.346967 11 22
DHV02_4hioA1_ali_4hidA1_nt1 0.877767 0.206131  0.201969 0.102724  0.099245 0.491386 11 22
DHV02_4hioA1_ali_4hikA1_nt1 0.943533 0.288534  0.714138 0.242337  0.471801 0.660658 11 22
DHV02_4hioA1_ali_4himA1_nt1 0.941575 0.252865  0.634805 0.213228  0.421577 0.664104 11 22
DHV02_4hioA1_ali_4hj7A2_nt1 0.826215 0.308243  2.206371 0.368682  1.837688 0.832901 11 22
DHV02_4hioA1_ali_4hj9A1_nt1 0.932055 0.230191  0.666415 0.255775  0.410640 0.616192 11 22
DHV02_4hj7A2_ali_4hidA1_nt1 0.752043 0.396835  2.145647 0.388425  1.757223 0.818971 11 22
DHV02_4hj7A2_ali_4hikA1_nt1 0.787458 0.444217  2.237501 0.296688  1.940813 0.867402 11 22
DHV02_4hj7A2_ali_4himA1_nt1 0.790593 0.437201  2.267495 0.277855  1.989641 0.877462 11 22
DHV02_4hj7A2_ali_4hioA1_nt1 0.781766 0.308243  2.208712 0.344726  1.863986 0.843925 11 22
DHV02_4hj7A2_ali_4hj9A1_nt1 0.791952 0.343206  2.207743 0.268258  1.939485 0.878492 11 22
DHV02_4hj9A1_ali_4hidA1_nt1 0.911318 0.254113  0.745093 0.318079  0.427014 0.573101 11 22
DHV02_4hj9A1_ali_4hikA1_nt1 0.793898 0.165164  0.163617 0.107528  0.056090 0.342811 11 22
DHV02_4hj9A1_ali_4himA1_nt1 0.772911 0.151938  0.142923 0.096303  0.046620 0.326190 11 22
DHV02_4hj9A1_ali_4hioA1_nt1 0.926326 0.230191  0.669286 0.264412  0.404874 0.604935 11 22
DHV02_4hj9A1_ali_4hj7A2_nt1 0.840683 0.343206  2.207285 0.324455  1.882830 0.853007 11 22
DHV03_4kfrB1_ali_4kfuA2_nt1 0.926786 1.053052  4.310265 0.418448  3.891817 0.902918 11 22
DHV03_4kfuA2_ali_4kfrB1_nt1 0.913248 1.053052  4.303353 0.653358  3.649995 0.848175 11 22
DHV04_3waeA1_ali_3wafB2_nt1 0.888050 0.536900  2.976345 0.385760  2.590586 0.870392 11 21
DHV04_3wafB2_ali_3waeA1_nt1 0.893489 0.536900  2.970249 0.877448  2.092801 0.704588 11 21
DHV05_3mp6A1_ali_3mp8A2_nt1 0.919019 0.466521  5.077549 1.212504  3.865045 0.761203 11 20
DHV05_3mp8A2_ali_3mp6A1_nt1 0.921178 0.466521  5.080849 0.792327  4.288522 0.844056 11 20
DHV06_1xbbA1_ali_4fyoA2_nt1 0.969057 0.871840  2.998603 0.812872  2.185731 0.728916 12 24
DHV06_1xbbA1_ali_4i0sA2_nt1 0.975547 1.085288  3.608963 1.007184  2.601779 0.720921 12 24
DHV06_1xbbA1_ali_4i0tA2_nt1 0.898250 0.834946  2.469199 1.226634  1.242565 0.503226 12 24
DHV06_4fyoA2_ali_1xbbA1_nt1 0.940491 0.871840  3.003935 0.585296  2.418639 0.805157 12 24
DHV06_4fyoA2_ali_4i0sA2_nt1 0.972274 0.360231  0.894554 0.210322  0.684232 0.764886 12 24
DHV06_4fyoA2_ali_4i0tA2_nt1 0.893832 0.484590  1.980574 0.861545  1.119029 0.565002 12 24
DHV06_4i0sA2_ali_1xbbA1_nt1 0.945722 1.085288  3.614010 0.637439  2.976571 0.823620 12 24
DHV06_4i0sA2_ali_4fyoA2_nt1 0.974714 0.360231  0.900213 0.182851  0.717362 0.796880 12 24
DHV06_4i0sA2_ali_4i0tA2_nt1 0.939611 0.668434  2.687754 1.050300  1.637454 0.609228 12 24
DHV06_4i0tA2_ali_1xbbA1_nt1 0.919338 0.834946  2.471346 0.879207  1.592139 0.644240 12 24
DHV06_4i0tA2_ali_4fyoA2_nt1 0.903724 0.484590  1.980886 0.621229  1.359657 0.686388 12 24
DHV06_4i0tA2_ali_4i0sA2_nt1 0.929276 0.668434  2.677975 0.639588  2.038388 0.761168 12 24
DHV07_3n4fA1_ali_3qpeD2_nt1 0.923212 0.371254  3.979798 0.243646  3.736151 0.938779 12 24
DHV07_3n4fA1_ali_3vccA2_nt1 0.922178 0.494258  3.977448 0.273816  3.703631 0.931158 12 24
DHV07_3qpeD2_ali_3n4fA1_nt1 0.924439 0.371254  3.979754 0.313474  3.666280 0.921233 12 24
DHV07_3qpeD2_ali_3vccA2_nt1 0.913453 0.143036  0.192740 0.082956  0.109784 0.569598 12 24
DHV07_3vccA2_ali_3n4fA1_nt1 0.924200 0.494258  3.963875 0.325558  3.638317 0.917869 12 24
DHV07_3vccA2_ali_3qpeD2_nt1 0.905080 0.143036  0.194145 0.085769  0.108376 0.558220 12 24
DHV08_2vovA1_ali_2voxA2_nt1 0.860971 0.518897  2.914943 0.408129  2.506814 0.859987 12 23
DHV08_2voxA2_ali_2vovA1_nt1 0.879300 0.518897  2.912979 0.410902  2.502077 0.858941 12 23
DHV09_2q9fA1_ali_3mdmA2_nt1 0.912585 1.147005  4.567706 0.793049  3.774657 0.826379 12 23
DHV09_3mdmA2_ali_2q9fA1_nt1 0.853887 1.147005  4.555297 0.822149  3.733148 0.819518 12 23
DHV10_3irsC1_ali_3k4wL2_nt1 0.921118 0.692088  4.199356 0.756104  3.443252 0.819948 12 24
DHV10_3k4wL2_ali_3irsC1_nt1 0.928927 0.692088  4.160155 0.600719  3.559436 0.855602 12 24
DHV11_3gnoA1_ali_3gnpA1_nt1 0.903805 0.167156  4.061549 0.199973  3.861576 0.950764 13 26
DHV11_3gnoA1_ali_3gnrA2_nt1 0.882211 0.091223  0.158472 0.076870  0.081602 0.514929 13 26
DHV11_3gnpA1_ali_3gnoA1_nt1 0.922390 0.167156  4.055585 0.690334  3.365251 0.829782 13 26
DHV11_3gnpA1_ali_3gnrA2_nt1 0.922836 0.192703  3.974405 0.667990  3.306415 0.831927 13 26
DHV11_3gnrA2_ali_3gnoA1_nt1 0.892587 0.091223  0.156612 0.077327  0.079285 0.506251 13 26
DHV11_3gnrA2_ali_3gnpA1_nt1 0.900058 0.192703  3.978442 0.243822  3.734620 0.938714 13 26
DHV12_4fj7A1_ali_4fj9A1_nt1 0.951580 0.049865  0.136683 0.048916  0.087768 0.642125 13 26
DHV12_4fj7A1_ali_4fjjA1_nt1 0.888572 0.091597  0.097961 0.055253  0.042709 0.435974 13 26
DHV12_4fj7A1_ali_4fjlA1_nt1 0.884232 0.185590  0.763774 0.230709  0.533065 0.697936 13 26
DHV12_4fj7A1_ali_4fjnA2_nt1 0.974391 0.122026  7.026594 0.407898  6.618696 0.941949 13 26
DHV12_4fj7A1_ali_4fk2A1_nt1 0.914218 0.125370  0.170913 0.077795  0.093117 0.544824 13 26
DHV12_4fj7A1_ali_4fk4A1_nt1 0.838292 0.154896  0.376928 0.122062  0.254867 0.676167 13 26
DHV12_4fj7A1_ali_4m3tA1_nt1 0.674481 0.123105  0.225111 0.082090  0.143020 0.635334 13 26
DHV12_4fj7A1_ali_4m3yA1_nt1 0.750341 0.098396  0.259338 0.117538  0.141800 0.546777 13 26
DHV12_4fj7A1_ali_4m3zA1_nt1 0.730002 0.106933  0.264729 0.081599  0.183129 0.691763 13 26
DHV12_4fj7A1_ali_4m45A1_nt1 0.779184 0.155967  0.704814 0.339170  0.365644 0.518780 13 26
DHV12_4fj9A1_ali_4fj7A1_nt1 0.957964 0.049865  0.143643 0.047681  0.095962 0.668058 13 26
DHV12_4fj9A1_ali_4fjjA1_nt1 0.912080 0.097013  0.161507 0.075202  0.086305 0.534373 13 26
DHV12_4fj9A1_ali_4fjlA1_nt1 0.918534 0.171215  0.805517 0.246832  0.558684 0.693573 13 26
DHV12_4fj9A1_ali_4fjnA2_nt1 0.974349 0.116813  7.127839 0.517987  6.609852 0.927329 13 26
DHV12_4fj9A1_ali_4fk2A1_nt1 0.936020 0.118818  0.165419 0.073567  0.091853 0.555271 13 26
DHV12_4fj9A1_ali_4fk4A1_nt1 0.900516 0.131970  0.437226 0.119252  0.317974 0.727253 13 26
DHV12_4fj9A1_ali_4m3tA1_nt1 0.819063 0.104026  0.262876 0.084943  0.177933 0.676872 13 26
DHV12_4fj9A1_ali_4m3yA1_nt1 0.756297 0.099115  0.276395 0.140922  0.135473 0.490144 13 26
DHV12_4fj9A1_ali_4m3zA1_nt1 0.808975 0.099701  0.308722 0.103696  0.205026 0.664113 13 26
DHV12_4fj9A1_ali_4m45A1_nt1 0.775788 0.155161  0.741975 0.317078  0.424896 0.572656 13 26
DHV12_4fjjA1_ali_4fj7A1_nt1 0.884355 0.091597  0.104411 0.054726  0.049685 0.475858 13 26
DHV12_4fjjA1_ali_4fj9A1_nt1 0.910347 0.097013  0.156908 0.076084  0.080824 0.515105 13 26
DHV12_4fjjA1_ali_4fjlA1_nt1 0.910695 0.198378  0.786807 0.203620  0.583187 0.741207 13 26
DHV12_4fjjA1_ali_4fjnA2_nt1 0.973219 0.174352  7.095182 0.384750  6.710432 0.945773 13 26
DHV12_4fjjA1_ali_4fk2A1_nt1 0.838687 0.172683  0.187616 0.111542  0.076074 0.405479 13 26
DHV12_4fjjA1_ali_4fk4A1_nt1 0.869172 0.183500  0.389150 0.116500  0.272651 0.700631 13 26
DHV12_4fjjA1_ali_4m3tA1_nt1 0.716262 0.141586  0.236891 0.100808  0.136084 0.574457 13 26
DHV12_4fjjA1_ali_4m3yA1_nt1 0.776350 0.139257  0.272436 0.128793  0.143643 0.527253 13 26
DHV12_4fjjA1_ali_4m3zA1_nt1 0.734180 0.122446  0.266798 0.096224  0.170574 0.639338 13 26
DHV12_4fjjA1_ali_4m45A1_nt1 0.759477 0.198110  0.683339 0.330958  0.352381 0.515675 13 26
DHV12_4fjlA1_ali_4fj7A1_nt1 0.932460 0.185590  0.766222 0.225426  0.540796 0.705796 13 26
DHV12_4fjlA1_ali_4fj9A1_nt1 0.933469 0.171215  0.800958 0.249430  0.551528 0.688586 13 26
DHV12_4fjlA1_ali_4fjjA1_nt1 0.945017 0.198378  0.787777 0.202754  0.585023 0.742625 13 26
DHV12_4fjlA1_ali_4fjnA2_nt1 0.976784 0.105588  6.638917 0.346193  6.292724 0.947854 13 26
DHV12_4fjlA1_ali_4fk2A1_nt1 0.936839 0.204838  0.846292 0.252682  0.593610 0.701424 13 26
DHV12_4fjlA1_ali_4fk4A1_nt1 0.915329 0.103772  0.651946 0.261862  0.390084 0.598338 13 26
DHV12_4fjlA1_ali_4m3tA1_nt1 0.900646 0.128899  0.754178 0.228144  0.526034 0.697493 13 26
DHV12_4fjlA1_ali_4m3yA1_nt1 0.930943 0.106401  0.785879 0.182635  0.603243 0.767604 13 26
DHV12_4fjlA1_ali_4m3zA1_nt1 0.928676 0.095290  0.831677 0.289158  0.542519 0.652320 13 26
DHV12_4fjlA1_ali_4m45A1_nt1 0.910035 0.093001  0.861399 0.140732  0.720666 0.836623 13 26
DHV12_4fjnA2_ali_4fj7A1_nt1 0.977607 0.122026  7.020027 0.224086  6.795941 0.968079 13 26
DHV12_4fjnA2_ali_4fj9A1_nt1 0.977822 0.116813  7.114031 0.232825  6.881206 0.967272 13 26
DHV12_4fjnA2_ali_4fjjA1_nt1 0.977499 0.174352  7.084353 0.218989  6.865365 0.969088 13 26
DHV12_4fjnA2_ali_4fjlA1_nt1 0.976023 0.105588  6.631642 0.174629  6.457013 0.973667 13 26
DHV12_4fjnA2_ali_4fk2A1_nt1 0.978263 0.159741  7.149541 0.228912  6.920629 0.967982 13 26
DHV12_4fjnA2_ali_4fk4A1_nt1 0.976287 0.105892  7.016195 0.156774  6.859421 0.977655 13 26
DHV12_4fjnA2_ali_4m3tA1_nt1 0.976895 0.124309  7.048648 0.197038  6.851611 0.972046 13 26
DHV12_4fjnA2_ali_4m3yA1_nt1 0.975996 0.052951  7.078762 0.228650  6.850111 0.967699 13 26
DHV12_4fjnA2_ali_4m3zA1_nt1 0.976731 0.084020  7.117388 0.393841  6.723547 0.944665 13 26
DHV12_4fjnA2_ali_4m45A1_nt1 0.970870 0.065378  7.030972 0.386647  6.644324 0.945008 13 26
DHV12_4fk2A1_ali_4fj7A1_nt1 0.912032 0.125370  0.172842 0.076946  0.095895 0.554816 13 26
DHV12_4fk2A1_ali_4fj9A1_nt1 0.927058 0.118818  0.152437 0.070135  0.082302 0.539909 13 26
DHV12_4fk2A1_ali_4fjjA1_nt1 0.838713 0.172683  0.184328 0.107724  0.076604 0.415584 13 26
DHV12_4fk2A1_ali_4fjlA1_nt1 0.908048 0.204838  0.847025 0.253214  0.593811 0.701055 13 26
DHV12_4fk2A1_ali_4fjnA2_nt1 0.971886 0.159741  7.157789 0.393671  6.764118 0.945001 13 26
DHV12_4fk2A1_ali_4fk4A1_nt1 0.828843 0.152005  0.396479 0.120202  0.276277 0.696827 13 26
DHV12_4fk2A1_ali_4m3tA1_nt1 0.673619 0.143277  0.253968 0.099268  0.154700 0.609131 13 26
DHV12_4fk2A1_ali_4m3yA1_nt1 0.735812 0.152918  0.269760 0.125225  0.144535 0.535793 13 26
DHV12_4fk2A1_ali_4m3zA1_nt1 0.598685 0.165508  0.259728 0.096605  0.163123 0.628054 13 26
DHV12_4fk2A1_ali_4m45A1_nt1 0.779914 0.189805  0.749883 0.363765  0.386118 0.514904 13 26
DHV12_4fk4A1_ali_4fj7A1_nt1 0.896474 0.154896  0.380496 0.123959  0.256537 0.674217 13 26
DHV12_4fk4A1_ali_4fj9A1_nt1 0.927276 0.131970  0.409519 0.126627  0.282892 0.690791 13 26
DHV12_4fk4A1_ali_4fjjA1_nt1 0.912319 0.183500  0.385928 0.122642  0.263285 0.682214 13 26
DHV12_4fk4A1_ali_4fjlA1_nt1 0.925531 0.103772  0.647561 0.158791  0.488770 0.754786 13 26
DHV12_4fk4A1_ali_4fjnA2_nt1 0.969967 0.105892  7.016147 0.320518  6.695629 0.954317 13 26
DHV12_4fk4A1_ali_4fk2A1_nt1 0.901103 0.152005  0.392620 0.121960  0.270660 0.689369 13 26
DHV12_4fk4A1_ali_4m3tA1_nt1 0.920967 0.087747  0.247523 0.105350  0.142173 0.574384 13 26
DHV12_4fk4A1_ali_4m3yA1_nt1 0.949824 0.108978  0.284433 0.118985  0.165448 0.581677 13 26
DHV12_4fk4A1_ali_4m3zA1_nt1 0.955889 0.104980  0.273602 0.097598  0.176005 0.643286 13 26
DHV12_4fk4A1_ali_4m45A1_nt1 0.907044 0.120472  0.635852 0.248980  0.386872 0.608432 13 26
DHV12_4m3tA1_ali_4fj7A1_nt1 0.792464 0.123105  0.234476 0.098107  0.136369 0.581590 13 26
DHV12_4m3tA1_ali_4fj9A1_nt1 0.877379 0.104026  0.264544 0.101813  0.162732 0.615139 13 26
DHV12_4m3tA1_ali_4fjjA1_nt1 0.803354 0.141586  0.240867 0.115123  0.125745 0.522050 13 26
DHV12_4m3tA1_ali_4fjlA1_nt1 0.852743 0.128899  0.756198 0.227118  0.529080 0.699658 13 26
DHV12_4m3tA1_ali_4fjnA2_nt1 0.973005 0.124309  7.058621 0.388402  6.670219 0.944975 13 26
DHV12_4m3tA1_ali_4fk2A1_nt1 0.806983 0.143277  0.252672 0.099266  0.153406 0.607137 13 26
DHV12_4m3tA1_ali_4fk4A1_nt1 0.876583 0.087747  0.249053 0.108926  0.140127 0.562640 13 26
DHV12_4m3tA1_ali_4m3yA1_nt1 0.833243 0.104184  0.214650 0.136614  0.078036 0.363549 13 26
DHV12_4m3tA1_ali_4m3zA1_nt1 0.929799 0.082799  0.166137 0.065810  0.100327 0.603879 13 26
DHV12_4m3tA1_ali_4m45A1_nt1 0.808841 0.146164  0.616653 0.295754  0.320899 0.520388 13 26
DHV12_4m3yA1_ali_4fj7A1_nt1 0.794283 0.098396  0.259092 0.123753  0.135339 0.522358 13 26
DHV12_4m3yA1_ali_4fj9A1_nt1 0.813708 0.099115  0.277496 0.137084  0.140412 0.505997 13 26
DHV12_4m3yA1_ali_4fjjA1_nt1 0.819631 0.139257  0.271622 0.129906  0.141716 0.521740 13 26
DHV12_4m3yA1_ali_4fjlA1_nt1 0.911374 0.106401  0.781851 0.168297  0.613554 0.784746 13 26
DHV12_4m3yA1_ali_4fjnA2_nt1 0.970415 0.052951  7.078287 0.419168  6.659119 0.940781 13 26
DHV12_4m3yA1_ali_4fk2A1_nt1 0.806660 0.152918  0.266354 0.129774  0.136579 0.512774 13 26
DHV12_4m3yA1_ali_4fk4A1_nt1 0.931894 0.108978  0.292935 0.103693  0.189242 0.646021 13 26
DHV12_4m3yA1_ali_4m3tA1_nt1 0.807867 0.104184  0.205106 0.133887  0.071219 0.347231 13 26
DHV12_4m3yA1_ali_4m3zA1_nt1 0.935928 0.053352  0.184327 0.079057  0.105271 0.571107 13 26
DHV12_4m3yA1_ali_4m45A1_nt1 0.899147 0.078387  0.567049 0.228055  0.338993 0.597821 13 26
DHV12_4m3zA1_ali_4fj7A1_nt1 0.842233 0.106933  0.276153 0.099898  0.176255 0.638251 13 26
DHV12_4m3zA1_ali_4fj9A1_nt1 0.886459 0.099701  0.302893 0.114683  0.188210 0.621375 13 26
DHV12_4m3zA1_ali_4fjjA1_nt1 0.838333 0.122446  0.274981 0.111761  0.163220 0.593568 13 26
DHV12_4m3zA1_ali_4fjlA1_nt1 0.913122 0.095290  0.828706 0.189708  0.638998 0.771080 13 26
DHV12_4m3zA1_ali_4fjnA2_nt1 0.971629 0.084020  7.120361 0.354070  6.766291 0.950274 13 26
DHV12_4m3zA1_ali_4fk2A1_nt1 0.787662 0.165508  0.264163 0.106549  0.157614 0.596653 13 26
DHV12_4m3zA1_ali_4fk4A1_nt1 0.931755 0.104980  0.275384 0.086008  0.189376 0.687679 13 26
DHV12_4m3zA1_ali_4m3tA1_nt1 0.910258 0.082799  0.164779 0.071165  0.093614 0.568119 13 26
DHV12_4m3zA1_ali_4m3yA1_nt1 0.934930 0.053352  0.205538 0.083822  0.121716 0.592181 13 26
DHV12_4m3zA1_ali_4m45A1_nt1 0.861448 0.097834  0.605463 0.253126  0.352338 0.581931 13 26
DHV12_4m45A1_ali_4fj7A1_nt1 0.869323 0.155967  0.702502 0.328593  0.373909 0.532253 13 26
DHV12_4m45A1_ali_4fj9A1_nt1 0.871244 0.155161  0.739870 0.351278  0.388592 0.525217 13 26
DHV12_4m45A1_ali_4fjjA1_nt1 0.882461 0.198110  0.679740 0.306180  0.373560 0.549563 13 26
DHV12_4m45A1_ali_4fjlA1_nt1 0.897804 0.093001  0.875264 0.123869  0.751395 0.858478 13 26
DHV12_4m45A1_ali_4fjnA2_nt1 0.970220 0.065378  7.026807 0.534308  6.492499 0.923961 13 26
DHV12_4m45A1_ali_4fk2A1_nt1 0.871249 0.189805  0.746009 0.352193  0.393816 0.527897 13 26
DHV12_4m45A1_ali_4fk4A1_nt1 0.900586 0.120472  0.635795 0.265808  0.369987 0.581928 13 26
DHV12_4m45A1_ali_4m3tA1_nt1 0.869871 0.146164  0.615896 0.319457  0.296439 0.481313 13 26
DHV12_4m45A1_ali_4m3yA1_nt1 0.910817 0.078387  0.566677 0.243490  0.323187 0.570320 13 26
DHV12_4m45A1_ali_4m3zA1_nt1 0.906337 0.097834  0.602571 0.284431  0.318140 0.527971 13 26
DHV13_2pa5A1_ali_4ge2A1_nt1 0.824932 0.194240  0.107174 0.066392  0.040782 0.380524 13 24
DHV13_2pa5A1_ali_4ge6B1_nt1 0.880873 0.585553  0.639741 0.247704  0.392037 0.612806 13 24
DHV13_2pa5A1_ali_4iczA2_nt1 0.960137 0.428865  3.225308 0.399167  2.826141 0.876239 13 24
DHV13_4ge2A1_ali_2pa5A1_nt1 0.810870 0.194240  0.111817 0.069580  0.042237 0.377733 13 24
DHV13_4ge2A1_ali_4ge6B1_nt1 0.911934 0.629725  0.642229 0.229513  0.412716 0.642631 13 24
DHV13_4ge2A1_ali_4iczA2_nt1 0.960586 0.393723  3.257803 0.400940  2.856863 0.876929 13 24
DHV13_4ge6B1_ali_2pa5A1_nt1 0.893572 0.585553  0.632381 0.321490  0.310892 0.491620 13 24
DHV13_4ge6B1_ali_4ge2A1_nt1 0.899149 0.629725  0.641894 0.315445  0.326450 0.508572 13 24
DHV13_4ge6B1_ali_4iczA2_nt1 0.958867 0.439057  2.991218 0.293731  2.697487 0.901802 13 24
DHV13_4iczA2_ali_2pa5A1_nt1 0.948599 0.428865  3.224069 0.575167  2.648902 0.821602 13 24
DHV13_4iczA2_ali_4ge2A1_nt1 0.950122 0.393723  3.262943 0.548401  2.714542 0.831930 13 24
DHV13_4iczA2_ali_4ge6B1_nt1 0.956991 0.439057  2.987849 0.340826  2.647023 0.885929 13 24
DHV14_4jhxA1_ali_4kwtC2_nt1 0.804472 0.971501  2.738142 0.543945  2.194196 0.801345 13 25
DHV14_4kwtC2_ali_4jhxA1_nt1 0.843335 0.971501  2.733960 0.499303  2.234656 0.817370 13 25
DHV15_3agnA1_ali_3agoA2_nt1 0.909515 0.217372  6.896220 0.540554  6.355665 0.921616 13 24
DHV15_3agnA1_ali_3ahwA3_nt1 0.924164 0.772428  5.297005 0.492302  4.804703 0.907060 13 24
DHV15_3agoA2_ali_3agnA1_nt1 0.910115 0.217372  6.898275 0.257483  6.640792 0.962674 13 24
DHV15_3agoA2_ali_3ahwA3_nt1 0.936815 0.848167  5.106274 0.480118  4.626156 0.905975 13 24
DHV15_3ahwA3_ali_3agnA1_nt1 0.887683 0.772428  5.289832 0.406743  4.883089 0.923109 13 24
DHV15_3ahwA3_ali_3agoA2_nt1 0.908470 0.848167  5.105238 0.873607  4.231631 0.828880 13 24
DHV16_1a4uB1_ali_1b16B2_nt1 0.750443 0.210576  2.386733 0.191286  2.195446 0.919854 14 26
DHV16_1a4uB1_ali_1b2lA3_nt1 0.826701 0.393744  1.655142 0.624183  1.030959 0.622883 14 26
DHV16_1a4uB1_ali_1sbyB2_nt1 0.737275 0.160163  2.333478 0.214523  2.118955 0.908067 14 26
DHV16_1b16B2_ali_1a4uB1_nt1 0.776565 0.210576  2.374941 0.590943  1.783998 0.751176 14 26
DHV16_1b16B2_ali_1b2lA3_nt1 0.932355 0.293301  3.052634 0.313008  2.739626 0.897463 14 26
DHV16_1b16B2_ali_1sbyB2_nt1 0.927635 0.136963  0.432451 0.167933  0.264518 0.611672 14 26
DHV16_1b2lA3_ali_1a4uB1_nt1 0.810827 0.393744  1.654705 0.362065  1.292639 0.781190 14 26
DHV16_1b2lA3_ali_1b16B2_nt1 0.882986 0.293301  3.065387 0.205820  2.859567 0.932857 14 26
DHV16_1b2lA3_ali_1sbyB2_nt1 0.889591 0.328430  2.961240 0.208786  2.752454 0.929494 14 26
DHV16_1sbyB2_ali_1a4uB1_nt1 0.763238 0.160163  2.316859 0.542331  1.774528 0.765920 14 26
DHV16_1sbyB2_ali_1b16B2_nt1 0.909831 0.136963  0.431763 0.188199  0.243563 0.564114 14 26
DHV16_1sbyB2_ali_1b2lA3_nt1 0.927448 0.328430  2.942002 0.240131  2.701871 0.918378 14 26
DHV17_3hszA1_ali_3ht0A2_nt1 0.962529 0.287570 10.869180 0.477607 10.391573 0.956059 14 27
DHV17_3ht0A2_ali_3hszA1_nt1 0.971185 0.287570 10.914574 0.639687 10.274887 0.941392 14 27
DHV18_3m7wD1_ali_3oexB1_nt1 0.857952 0.406891  0.329807 0.169405  0.160402 0.486350 14 27
DHV18_3m7wD1_ali_4gfsA1_nt1 0.925888 0.355413  0.350883 0.133587  0.217295 0.619282 14 27
DHV18_3m7wD1_ali_4guiB2_nt1 0.946919 0.677693  4.210760 0.570774  3.639987 0.864449 14 27
DHV18_3m7wD1_ali_4gujB2_nt1 0.946898 0.685082  4.200979 0.574616  3.626363 0.863219 14 27
DHV18_3oexB1_ali_3m7wD1_nt1 0.850734 0.406891  0.324173 0.174933  0.149240 0.460370 14 27
DHV18_3oexB1_ali_4gfsA1_nt1 0.772067 0.321943  0.237500 0.154167  0.083333 0.350876 14 27
DHV18_3oexB1_ali_4guiB2_nt1 0.951004 0.488664  4.390898 0.298711  4.092187 0.931970 14 27
DHV18_3oexB1_ali_4gujB2_nt1 0.950763 0.470320  4.378890 0.294935  4.083955 0.932646 14 27
DHV18_4gfsA1_ali_3m7wD1_nt1 0.920307 0.355413  0.350270 0.139756  0.210515 0.601006 14 27
DHV18_4gfsA1_ali_3oexB1_nt1 0.768170 0.321943  0.239322 0.156019  0.083303 0.348081 14 27
DHV18_4gfsA1_ali_4guiB2_nt1 0.949319 0.549329  4.378839 0.292232  4.086607 0.933263 14 27
DHV18_4gfsA1_ali_4gujB2_nt1 0.948590 0.544628  4.374762 0.320095  4.054667 0.926831 14 27
DHV18_4guiB2_ali_3m7wD1_nt1 0.941541 0.677693  4.208012 0.511993  3.696019 0.878329 14 27
DHV18_4guiB2_ali_3oexB1_nt1 0.947493 0.488664  4.395455 0.511910  3.883545 0.883537 14 27
DHV18_4guiB2_ali_4gfsA1_nt1 0.946533 0.549329  4.378632 0.526828  3.851804 0.879682 14 27
DHV18_4guiB2_ali_4gujB2_nt1 0.972659 0.112217  0.418349 0.099700  0.318649 0.761682 14 27
DHV18_4gujB2_ali_3m7wD1_nt1 0.942674 0.685082  4.195881 0.522703  3.673178 0.875425 14 27
DHV18_4gujB2_ali_3oexB1_nt1 0.948937 0.470320  4.381535 0.294548  4.086987 0.932775 14 27
DHV18_4gujB2_ali_4gfsA1_nt1 0.947505 0.544628  4.372766 0.302133  4.070633 0.930906 14 27
DHV18_4gujB2_ali_4guiB2_nt1 0.971627 0.112217  0.425334 0.094887  0.330447 0.776912 14 27
DHV19_1dg3A1_ali_1f5nA2_nt1 0.949128 0.809167  5.176761 0.803957  4.372803 0.844699 14 28
DHV19_1f5nA2_ali_1dg3A1_nt1 0.941247 0.809167  5.189268 0.416091  4.773177 0.919817 14 28
DHV20_3phgA1_ali_3phhA2_nt1 0.899621 0.383618  3.024184 0.670856  2.353328 0.778170 14 27
DHV20_3phhA2_ali_3phgA1_nt1 0.824899 0.383618  3.017696 0.211566  2.806129 0.929891 14 27
DHV21_3d05A1_ali_3d06A2_nt1 0.823945 0.115570  4.127957 0.299673  3.828284 0.927404 15 29
DHV21_3d06A2_ali_3d05A1_nt1 0.864615 0.115570  4.129967 0.195411  3.934556 0.952685 15 29
DHV22_3v0dB1_ali_3v0fA2_nt1 0.912399 0.155062  6.574789 0.363699  6.211091 0.944683 15 30
DHV22_3v0dB1_ali_3v0gB1_nt1 0.854781 0.186456  0.987844 0.287141  0.700703 0.709326 15 30
DHV22_3v0dB1_ali_3v0hB3_nt1 0.941738 0.318308  8.326114 0.665818  7.660295 0.920033 15 30
DHV22_3v0fA2_ali_3v0dB1_nt1 0.926274 0.155062  6.572320 0.495026  6.077293 0.924680 15 30
DHV22_3v0fA2_ali_3v0gB1_nt1 0.909828 0.263651  6.961453 0.498874  6.462579 0.928338 15 30
DHV22_3v0fA2_ali_3v0hB3_nt1 0.962975 0.277192  8.354842 0.727991  7.626851 0.912866 15 30
DHV22_3v0gB1_ali_3v0dB1_nt1 0.865304 0.186456  0.984952 0.306653  0.678299 0.688662 15 30
DHV22_3v0gB1_ali_3v0fA2_nt1 0.897756 0.263651  6.957163 0.753907  6.203256 0.891636 15 30
DHV22_3v0gB1_ali_3v0hB3_nt1 0.932213 0.261679  8.200320 0.576949  7.623372 0.929643 15 30
DHV22_3v0hB3_ali_3v0dB1_nt1 0.942213 0.318308  8.321704 0.565091  7.756613 0.932094 15 30
DHV22_3v0hB3_ali_3v0fA2_nt1 0.968750 0.277192  8.362591 0.450608  7.911983 0.946116 15 30
DHV22_3v0hB3_ali_3v0gB1_nt1 0.936626 0.261679  8.201952 0.427815  7.774137 0.947840 15 30
DHV23_4mxrB1_ali_4myfA2_nt1 0.981117 0.242946  2.746678 0.151235  2.595443 0.944939 15 29
DHV23_4mxrB1_ali_4mykA2_nt1 0.980895 0.248112  2.710820 0.133621  2.577199 0.950708 15 29
DHV23_4mxrB1_ali_4mylA2_nt1 0.980569 0.293072  2.694609 0.164154  2.530455 0.939080 15 29
DHV23_4myfA2_ali_4mxrB1_nt1 0.982386 0.242946  2.738078 0.215097  2.522980 0.921442 15 29
DHV23_4myfA2_ali_4mykA2_nt1 0.856842 0.087327  0.164125 0.081957  0.082168 0.500645 15 29
DHV23_4myfA2_ali_4mylA2_nt1 0.971792 0.099985  0.301187 0.068774  0.232414 0.771658 15 29
DHV23_4mykA2_ali_4mxrB1_nt1 0.982977 0.248112  2.700101 0.170688  2.529413 0.936785 15 29
DHV23_4mykA2_ali_4myfA2_nt1 0.881889 0.087327  0.161991 0.080000  0.081991 0.506147 15 29
DHV23_4mykA2_ali_4mylA2_nt1 0.955485 0.144216  0.357709 0.104313  0.253395 0.708384 15 29
DHV23_4mylA2_ali_4mxrB1_nt1 0.982976 0.293072  2.693119 0.212022  2.481098 0.921273 15 29
DHV23_4mylA2_ali_4myfA2_nt1 0.976172 0.099985  0.304201 0.072931  0.231270 0.760254 15 29
DHV23_4mylA2_ali_4mykA2_nt1 0.948523 0.144216  0.356296 0.113703  0.242593 0.680876 15 29
DHV24_2ce2X1_ali_2cl0X2_nt1 0.638324 0.516743  1.642372 0.604570  1.037802 0.631892 15 29
DHV24_2ce2X1_ali_2cl6X3_nt1 0.845759 0.788871  2.355675 0.776579  1.579095 0.670337 15 29
DHV24_2ce2X1_ali_2cl7X4_nt1 0.721782 0.733585  1.650711 0.612829  1.037882 0.628748 15 29
DHV24_2ce2X1_ali_2clcX4_nt1 0.676898 0.726552  1.571404 0.423298  1.148106 0.730624 15 29
DHV24_2ce2X1_ali_2evwX4_nt1 0.636905 0.829728  1.543822 0.867585  0.676237 0.438028 15 29
DHV24_2cl0X2_ali_2ce2X1_nt1 0.668430 0.516743  1.636058 0.367454  1.268605 0.775403 15 29
DHV24_2cl0X2_ali_2cl6X3_nt1 0.842014 0.443339  2.280634 0.622161  1.658473 0.727198 15 29
DHV24_2cl0X2_ali_2cl7X4_nt1 0.936722 0.409764  1.472708 0.359933  1.112774 0.755598 15 29
DHV24_2cl0X2_ali_2clcX4_nt1 0.942345 0.401362  1.341610 0.323267  1.018342 0.759045 15 29
DHV24_2cl0X2_ali_2evwX4_nt1 0.912075 0.521297  1.166544 0.331960  0.834584 0.715433 15 29
DHV24_2cl6X3_ali_2ce2X1_nt1 0.835278 0.788871  2.358513 0.683164  1.675350 0.710341 15 29
DHV24_2cl6X3_ali_2cl0X2_nt1 0.917580 0.443339  2.276524 0.343516  1.933008 0.849105 15 29
DHV24_2cl6X3_ali_2cl7X4_nt1 0.893653 0.301313  1.910902 0.261951  1.648951 0.862917 15 29
DHV24_2cl6X3_ali_2clcX4_nt1 0.910010 0.313467  1.961294 0.250793  1.710502 0.872129 15 29
DHV24_2cl6X3_ali_2evwX4_nt1 0.890995 0.494166  2.027652 0.534199  1.493452 0.736543 15 29
DHV24_2cl7X4_ali_2ce2X1_nt1 0.707325 0.733585  1.654806 0.695908  0.958898 0.579463 15 29
DHV24_2cl7X4_ali_2cl0X2_nt1 0.940461 0.409764  1.467269 0.298283  1.168985 0.796708 15 29
DHV24_2cl7X4_ali_2cl6X3_nt1 0.828052 0.301313  1.908369 0.254947  1.653422 0.866406 15 29
DHV24_2cl7X4_ali_2clcX4_nt1 0.926094 0.128038  0.358597 0.120378  0.238219 0.664309 15 29
DHV24_2cl7X4_ali_2evwX4_nt1 0.949538 0.325148  0.792394 0.213402  0.578992 0.730687 15 29
DHV24_2clcX4_ali_2ce2X1_nt1 0.650789 0.726552  1.574455 0.453512  1.120943 0.711956 15 29
DHV24_2clcX4_ali_2cl0X2_nt1 0.937272 0.401362  1.342310 0.266326  1.075984 0.801591 15 29
DHV24_2clcX4_ali_2cl6X3_nt1 0.843645 0.313467  1.964616 0.334396  1.630220 0.829791 15 29
DHV24_2clcX4_ali_2cl7X4_nt1 0.932706 0.128038  0.358593 0.125471  0.233122 0.650101 15 29
DHV24_2clcX4_ali_2evwX4_nt1 0.947234 0.401773  0.538997 0.168907  0.370090 0.686627 15 29
DHV24_2evwX4_ali_2ce2X1_nt1 0.649858 0.829728  1.544063 0.485019  1.059045 0.685882 15 29
DHV24_2evwX4_ali_2cl0X2_nt1 0.914280 0.521297  1.164471 0.245494  0.918977 0.789180 15 29
DHV24_2evwX4_ali_2cl6X3_nt1 0.793754 0.494166  2.019126 0.481540  1.537586 0.761510 15 29
DHV24_2evwX4_ali_2cl7X4_nt1 0.967208 0.325148  0.789051 0.170033  0.619018 0.784509 15 29
DHV24_2evwX4_ali_2clcX4_nt1 0.953048 0.401773  0.535814 0.153856  0.381959 0.712856 15 29
DHV25_1gqyB1_ali_1p31B2_nt1 0.943792 0.615971  9.179325 0.273020  8.906305 0.970257 15 29
DHV25_1gqyB1_ali_1p3dA2_nt1 0.945324 0.571214  9.215451 0.240794  8.974657 0.973871 15 29
DHV25_1p31B2_ali_1gqyB1_nt1 0.921504 0.615971  9.181043 0.712293  8.468749 0.922417 15 29
DHV25_1p31B2_ali_1p3dA2_nt1 0.929250 0.171106  0.187886 0.076633  0.111253 0.592131 15 29
DHV25_1p3dA2_ali_1gqyB1_nt1 0.923290 0.571214  9.219275 0.758437  8.460837 0.917734 15 29
DHV25_1p3dA2_ali_1p31B2_nt1 0.928326 0.171106  0.188284 0.074243  0.114041 0.605687 15 29
DHV26_2rbtX1_ali_2rbuX2_nt1 0.919409 0.123348  5.062798 0.296589  4.766209 0.941418 16 31
DHV26_2rbtX1_ali_2rbvX1_nt1 0.926382 0.045748  0.085548 0.037507  0.048041 0.561566 16 31
DHV26_2rbtX1_ali_2rbwX3_nt1 0.835081 0.243338  3.368001 0.511179  2.856823 0.848225 16 31
DHV26_2rbtX1_ali_2rbxX1_nt1 0.927636 0.078581  0.227057 0.091865  0.135192 0.595411 16 31
DHV26_2rbtX1_ali_2rbyX1_nt1 0.895333 0.101004  0.132365 0.063186  0.069179 0.522637 16 31
DHV26_2rbtX1_ali_2rbzX1_nt1 0.921769 0.161830  0.222207 0.093755  0.128453 0.578076 16 31
DHV26_2rbtX1_ali_2rc0X1_nt1 0.949523 0.133363  0.224783 0.076892  0.147891 0.657927 16 31
DHV26_2rbtX1_ali_2rc2X3_nt1 0.835678 0.161510  3.394388 0.497435  2.896952 0.853454 16 31
DHV26_2rbuX2_ali_2rbtX1_nt1 0.912629 0.123348  5.068350 0.390133  4.678217 0.923026 16 31
DHV26_2rbuX2_ali_2rbvX1_nt1 0.914284 0.134483  5.049509 0.382198  4.667311 0.924310 16 31
DHV26_2rbuX2_ali_2rbwX3_nt1 0.926460 0.213402  2.450638 0.294303  2.156335 0.879908 16 31
DHV26_2rbuX2_ali_2rbxX1_nt1 0.907373 0.127775  5.129070 0.956501  4.172568 0.813514 16 31
DHV26_2rbuX2_ali_2rbyX1_nt1 0.909770 0.128093  5.100432 0.395316  4.705117 0.922494 16 31
DHV26_2rbuX2_ali_2rbzX1_nt1 0.909200 0.207357  5.149641 0.427364  4.722277 0.917011 16 31
DHV26_2rbuX2_ali_2rc0X1_nt1 0.907154 0.170010  5.140131 0.408764  4.731367 0.920476 16 31
DHV26_2rbuX2_ali_2rc2X3_nt1 0.928615 0.178725  2.409362 0.300022  2.109341 0.875477 16 31
DHV26_2rbvX1_ali_2rbtX1_nt1 0.923590 0.045748  0.085109 0.038955  0.046155 0.542298 16 31
DHV26_2rbvX1_ali_2rbuX2_nt1 0.920388 0.134483  5.045069 0.298240  4.746829 0.940885 16 31
DHV26_2rbvX1_ali_2rbwX3_nt1 0.834507 0.245128  3.357231 0.499842  2.857389 0.851115 16 31
DHV26_2rbvX1_ali_2rbxX1_nt1 0.949981 0.104232  0.289153 0.097312  0.191841 0.663457 16 31
DHV26_2rbvX1_ali_2rbyX1_nt1 0.944352 0.107204  0.186063 0.063379  0.122684 0.659369 16 31
DHV26_2rbvX1_ali_2rbzX1_nt1 0.948206 0.165567  0.275748 0.092992  0.182756 0.662764 16 31
DHV26_2rbvX1_ali_2rc0X1_nt1 0.968685 0.139871  0.275852 0.072677  0.203175 0.736537 16 31
DHV26_2rbvX1_ali_2rc2X3_nt1 0.835067 0.146182  3.383580 0.486968  2.896612 0.856079 16 31
DHV26_2rbwX3_ali_2rbtX1_nt1 0.840277 0.243338  3.367905 0.413852  2.954052 0.877119 16 31
DHV26_2rbwX3_ali_2rbuX2_nt1 0.940841 0.213402  2.452456 0.300172  2.152284 0.877603 16 31
DHV26_2rbwX3_ali_2rbvX1_nt1 0.836656 0.245128  3.356451 0.413685  2.942765 0.876749 16 31
DHV26_2rbwX3_ali_2rbxX1_nt1 0.837330 0.226962  3.473096 0.425903  3.047192 0.877371 16 31
DHV26_2rbwX3_ali_2rbyX1_nt1 0.839907 0.196636  3.410773 0.409825  3.000948 0.879844 16 31
DHV26_2rbwX3_ali_2rbzX1_nt1 0.843626 0.273395  3.470598 0.421276  3.049322 0.878616 16 31
DHV26_2rbwX3_ali_2rc0X1_nt1 0.840738 0.166378  3.466377 0.429275  3.037102 0.876160 16 31
DHV26_2rbwX3_ali_2rc2X3_nt1 0.933201 0.146644  0.120907 0.049961  0.070946 0.586785 16 31
DHV26_2rbxX1_ali_2rbtX1_nt1 0.915424 0.078581  0.223587 0.090478  0.133109 0.595335 16 31
DHV26_2rbxX1_ali_2rbuX2_nt1 0.919152 0.127775  5.124842 0.333180  4.791662 0.934987 16 31
DHV26_2rbxX1_ali_2rbvX1_nt1 0.934745 0.104232  0.285710 0.098150  0.187560 0.656470 16 31
DHV26_2rbxX1_ali_2rbwX3_nt1 0.833248 0.226962  3.473438 0.519316  2.954122 0.850489 16 31
DHV26_2rbxX1_ali_2rbyX1_nt1 0.900124 0.097758  0.187748 0.085252  0.102497 0.545926 16 31
DHV26_2rbxX1_ali_2rbzX1_nt1 0.781259 0.162289  0.123564 0.082969  0.040594 0.328528 16 31
DHV26_2rbxX1_ali_2rc0X1_nt1 0.878169 0.107695  0.133341 0.071005  0.062336 0.467492 16 31
DHV26_2rbxX1_ali_2rc2X3_nt1 0.834049 0.180296  3.500672 0.503694  2.996978 0.856115 16 31
DHV26_2rbyX1_ali_2rbtX1_nt1 0.891189 0.101004  0.129331 0.061927  0.067404 0.521173 16 31
DHV26_2rbyX1_ali_2rbuX2_nt1 0.917533 0.128093  5.096227 0.320731  4.775496 0.937065 16 31
DHV26_2rbyX1_ali_2rbvX1_nt1 0.939187 0.107204  0.183555 0.063418  0.120136 0.654499 16 31
DHV26_2rbyX1_ali_2rbwX3_nt1 0.828701 0.196636  3.410694 0.511218  2.899475 0.850113 16 31
DHV26_2rbyX1_ali_2rbxX1_nt1 0.899281 0.097758  0.188914 0.088146  0.100768 0.533406 16 31
DHV26_2rbyX1_ali_2rbzX1_nt1 0.931314 0.104785  0.162343 0.065396  0.096947 0.597175 16 31
DHV26_2rbyX1_ali_2rc0X1_nt1 0.921902 0.080092  0.145446 0.063733  0.081713 0.561809 16 31
DHV26_2rbyX1_ali_2rc2X3_nt1 0.829233 0.127727  3.436645 0.500189  2.936456 0.854454 16 31
DHV26_2rbzX1_ali_2rbtX1_nt1 0.920308 0.161830  0.220681 0.087074  0.133607 0.605430 16 31
DHV26_2rbzX1_ali_2rbuX2_nt1 0.919881 0.207357  5.144256 0.335131  4.809124 0.934853 16 31
DHV26_2rbzX1_ali_2rbvX1_nt1 0.944834 0.165567  0.277106 0.089225  0.187881 0.678012 16 31
DHV26_2rbzX1_ali_2rbwX3_nt1 0.835432 0.273395  3.469121 0.514123  2.954997 0.851800 16 31
DHV26_2rbzX1_ali_2rbxX1_nt1 0.788380 0.162289  0.122954 0.081053  0.041900 0.340781 16 31
DHV26_2rbzX1_ali_2rbyX1_nt1 0.934695 0.104785  0.164305 0.062303  0.102002 0.620810 16 31
DHV26_2rbzX1_ali_2rc0X1_nt1 0.928246 0.135679  0.112884 0.047145  0.065738 0.582355 16 31
DHV26_2rbzX1_ali_2rc2X3_nt1 0.836140 0.193862  3.495825 0.504044  2.991781 0.855815 16 31
DHV26_2rc0X1_ali_2rbtX1_nt1 0.946490 0.133363  0.223491 0.075284  0.148208 0.663148 16 31
DHV26_2rc0X1_ali_2rbuX2_nt1 0.916649 0.170010  5.135823 0.315199  4.820624 0.938627 16 31
DHV26_2rc0X1_ali_2rbvX1_nt1 0.964141 0.139871  0.276500 0.071938  0.204562 0.739825 16 31
DHV26_2rc0X1_ali_2rbwX3_nt1 0.834056 0.166378  3.468019 0.511297  2.956722 0.852568 16 31
DHV26_2rc0X1_ali_2rbxX1_nt1 0.880741 0.107695  0.136036 0.069898  0.066138 0.486182 16 31
DHV26_2rc0X1_ali_2rbyX1_nt1 0.920309 0.080092  0.146286 0.062753  0.083533 0.571026 16 31
DHV26_2rc0X1_ali_2rbzX1_nt1 0.921912 0.135679  0.114560 0.047146  0.067415 0.588464 16 31
DHV26_2rc0X1_ali_2rc2X3_nt1 0.834558 0.125034  3.495267 0.502541  2.992726 0.856222 16 31
DHV26_2rc2X3_ali_2rbtX1_nt1 0.843827 0.161510  3.391262 0.421261  2.970001 0.875780 16 31
DHV26_2rc2X3_ali_2rbuX2_nt1 0.939233 0.178725  2.409901 0.296163  2.113738 0.877106 16 31
DHV26_2rc2X3_ali_2rbvX1_nt1 0.840502 0.146182  3.379891 0.423360  2.956531 0.874742 16 31
DHV26_2rc2X3_ali_2rbwX3_nt1 0.934254 0.146644  0.122565 0.047561  0.075005 0.611957 16 31
DHV26_2rc2X3_ali_2rbxX1_nt1 0.840715 0.180296  3.496547 0.425332  3.071215 0.878357 16 31
DHV26_2rc2X3_ali_2rbyX1_nt1 0.843314 0.127727  3.433815 0.415016  3.018800 0.879139 16 31
DHV26_2rc2X3_ali_2rbzX1_nt1 0.846836 0.193862  3.494036 0.826752  2.667284 0.763382 16 31
DHV26_2rc2X3_ali_2rc0X1_nt1 0.843915 0.125034  3.490151 0.432351  3.057800 0.876122 16 31
DHV27_5ktaA1_ali_5ktcA2_nt1 0.937074 0.596755  7.260402 0.338597  6.921806 0.953364 16 32
DHV27_5ktaA1_ali_5ktdA2_nt1 0.936975 0.580944  7.243298 0.557737  6.685561 0.923000 16 32
DHV27_5ktcA2_ali_5ktaA1_nt1 0.942066 0.596755  7.254527 0.736071  6.518456 0.898536 16 32
DHV27_5ktcA2_ali_5ktdA2_nt1 0.906080 0.107367  0.097471 0.046684  0.050787 0.521044 16 32
DHV27_5ktdA2_ali_5ktaA1_nt1 0.940456 0.580944  7.242422 0.621752  6.620670 0.914151 16 32
DHV27_5ktdA2_ali_5ktcA2_nt1 0.894872 0.107367  0.096860 0.049015  0.047845 0.493957 16 32
DHV28_2yjdB2_ali_3omqA2_nt1 0.931755 0.453627  2.109976 0.306264  1.803712 0.854850 16 28
DHV28_3omqA2_ali_2yjdB2_nt1 0.903036 0.453627  2.099677 0.366119  1.733558 0.825631 16 28
DHV29_3illA1_ali_3iloA2_nt1 0.901789 0.571781  4.624340 0.755522  3.868818 0.836621 16 31
DHV29_3iloA2_ali_3illA1_nt1 0.893178 0.571781  4.637845 0.478794  4.159050 0.896764 16 31
DHV30_2xguA1_ali_2xgyA2_nt1 0.979872 0.620046  7.382104 0.492289  6.889815 0.933313 16 26
DHV30_2xgyA2_ali_2xguA1_nt1 0.984462 0.620046  7.388189 0.341491  7.046698 0.953779 16 26
#-----------------------------------------------------------------------------------
#Avg(392):                  0.891570 0.281312  2.366518 0.303634  2.062884 0.735654 14 27
#Sig(392):                  0.069863 0.224880  2.427487 0.218907  2.306523 0.167340  2  3
#Med(392):                  0.911983 0.181898  1.557733 0.260708  1.048463 0.746900 13 26
