# Morphing                 Delta0    RmsdA    RmsdI    RmsdF    RmsdD   Motion N_res N_dh
#-------------------------------------------------------------------------------
DHV01_3iu1B1_ali_3iu2A2 0.882792 0.205789  3.373858 0.379047  2.994811 0.887652 10 19
DHV01_3iu1B1_ali_3iweA2 0.892640 0.181691  3.510273 0.428553  3.081720 0.877915 10 19
DHV01_3iu1B1_ali_3jtkA2 0.898466 0.291153  3.540332 0.422319  3.118013 0.880712 10 19
DHV01_3iu2A2_ali_3iu1B1 0.899414 0.205789  3.372754 0.375209  2.997545 0.888753 10 19
DHV01_3iweA2_ali_3iu1B1 0.890158 0.181691  3.512525 0.617976  2.894549 0.824065 10 19
DHV01_3jtkA2_ali_3iu1B1 0.898380 0.291153  3.539562 0.453523  3.086039 0.871870 10 19
DHV02_4hidA1_ali_4hj7A2 0.801699 0.481952  2.236410 0.353202  1.883209 0.842068 10 20
DHV02_4hikA1_ali_4hj7A2 0.816804 0.487321  2.338523 0.312178  2.026345 0.866506 10 20
DHV02_4himA1_ali_4hj7A2 0.818883 0.462736  2.371363 0.266836  2.104527 0.887476 10 20
DHV02_4hioA1_ali_4hj7A2 0.816807 0.419630  2.304208 0.346810  1.957397 0.849488 10 20
DHV02_4hj7A2_ali_4hidA1 0.746290 0.481952  2.238811 0.356768  1.882044 0.840644 10 20
DHV02_4hj7A2_ali_4hikA1 0.774023 0.487321  2.338716 0.301096  2.037621 0.871256 10 20
DHV02_4hj7A2_ali_4himA1 0.776955 0.462736  2.369826 0.275401  2.094425 0.883789 10 20
DHV02_4hj7A2_ali_4hioA1 0.774053 0.419630  2.307531 0.316022  1.991509 0.863048 10 20
DHV02_4hj7A2_ali_4hj9A1 0.779988 0.384794  2.308832 0.358959  1.949873 0.844528 10 20
DHV02_4hj9A1_ali_4hj7A2 0.817833 0.384794  2.303306 0.336481  1.966825 0.853914 10 20
DHV03_4kfrB1_ali_4kfuA2 0.914557 1.033741  4.522810 0.396327  4.126483 0.912372 10 20
DHV03_4kfuA2_ali_4kfrB1 0.904544 1.033741  4.509773 0.641289  3.868483 0.857800 10 20
DHV04_3waeA1_ali_3wafB2 0.886132 0.535413  3.114066 0.362634  2.751432 0.883550 10 19
DHV04_3wafB2_ali_3waeA1 0.894986 0.535413  3.107748 0.900004  2.207744 0.710400 10 19
DHV05_3mp6A1_ali_3mp8A2 0.915657 0.473150  5.316560 1.447877  3.868683 0.727666 10 18
DHV05_3mp8A2_ali_3mp6A1 0.916555 0.473150  5.319606 0.895224  4.424382 0.831712 10 18
DHV06_1xbbA1_ali_4fyoA2 0.960376 0.864298  3.126215 0.884799  2.241416 0.716974 11 22
DHV06_1xbbA1_ali_4i0sA2 0.966153 1.103826  3.763395 1.097007  2.666388 0.708506 11 22
DHV06_1xbbA1_ali_4i0tA2 0.894712 0.818166  2.575481 1.285531  1.289950 0.500858 11 22
DHV06_4fyoA2_ali_1xbbA1 0.934099 0.864298  3.135041 0.708266  2.426775 0.774081 11 22
DHV06_4fyoA2_ali_4i0tA2 0.889559 0.484244  2.068100 0.911066  1.157034 0.559467 11 22
DHV06_4i0sA2_ali_1xbbA1 0.936229 1.103826  3.772413 0.817759  2.954653 0.783226 11 22
DHV06_4i0sA2_ali_4i0tA2 0.934878 0.667877  2.804282 1.118169  1.686113 0.601264 11 22
DHV06_4i0tA2_ali_1xbbA1 0.915075 0.818166  2.579976 0.955843  1.624134 0.629515 11 22
DHV06_4i0tA2_ali_4fyoA2 0.900386 0.484244  2.068528 0.659327  1.409201 0.681258 11 22
DHV06_4i0tA2_ali_4i0sA2 0.924453 0.667877  2.796665 0.691234  2.105431 0.752836 11 22
DHV07_3n4fA1_ali_3qpeD2 0.919282 0.382532  4.155883 0.259346  3.896537 0.937595 11 22
DHV07_3n4fA1_ali_3vccA2 0.917180 0.493951  4.153353 0.319052  3.834301 0.923182 11 22
DHV07_3qpeD2_ali_3n4fA1 0.923828 0.382532  4.159714 0.349625  3.810089 0.915950 11 22
DHV07_3vccA2_ali_3n4fA1 0.923085 0.493951  4.149628 0.392235  3.757392 0.905477 11 22
DHV08_2vovA1_ali_2voxA2 0.863199 0.549485  3.032263 0.370274  2.661990 0.877889 11 21
DHV08_2voxA2_ali_2vovA1 0.881333 0.549485  3.034107 0.379442  2.654665 0.874941 11 21
DHV09_2q9fA1_ali_3mdmA2 0.906364 1.111509  4.762760 0.953933  3.808826 0.799710 11 21
DHV09_3mdmA2_ali_2q9fA1 0.848659 1.111509  4.757334 1.197552  3.559782 0.748272 11 21
DHV10_3irsC1_ali_3k4wL2 0.920483 0.833454  4.373157 0.744302  3.628855 0.829802 11 22
DHV10_3k4wL2_ali_3irsC1 0.928275 0.833454  4.332904 0.715172  3.617732 0.834944 11 22
DHV11_3gnoA1_ali_3gnpA1 0.903738 0.188395  4.225298 0.199290  4.026008 0.952834 12 24
DHV11_3gnpA1_ali_3gnoA1 0.921579 0.188395  4.221921 0.718464  3.503457 0.829825 12 24
DHV11_3gnpA1_ali_3gnrA2 0.921840 0.230490  4.137004 0.695748  3.441257 0.831823 12 24
DHV11_3gnrA2_ali_3gnpA1 0.899836 0.230490  4.139594 0.263957  3.875637 0.936236 12 24
DHV12_4fj7A1_ali_4fjnA2 0.972338 0.230996  7.312510 0.815324  6.497187 0.888503 12 24
DHV12_4fj9A1_ali_4fjnA2 0.971716 0.235499  7.416344 0.794765  6.621579 0.892836 12 24
DHV12_4fjjA1_ali_4fjnA2 0.970760 0.232577  7.383419 0.789622  6.593797 0.893055 12 24
DHV12_4fjlA1_ali_4fjnA2 0.975434 0.150182  6.909655 0.629965  6.279690 0.908828 12 24
DHV12_4fjnA2_ali_4fj7A1 0.972432 0.230996  7.307267 0.710197  6.597070 0.902810 12 24
DHV12_4fjnA2_ali_4fj9A1 0.972517 0.235499  7.406283 0.713540  6.692743 0.903658 12 24
DHV12_4fjnA2_ali_4fjjA1 0.972277 0.232577  7.375658 0.712768  6.662889 0.903362 12 24
DHV12_4fjnA2_ali_4fjlA1 0.972205 0.150182  6.908165 0.523612  6.384553 0.924204 12 24
DHV12_4fjnA2_ali_4fk2A1 0.973127 0.268248  7.440556 0.861141  6.579415 0.884264 12 24
DHV12_4fjnA2_ali_4fk4A1 0.971795 0.151723  7.298722 0.632617  6.666105 0.913325 12 24
DHV12_4fjnA2_ali_4m3tA1 0.971975 0.215160  7.335413 0.682192  6.653220 0.907000 12 24
DHV12_4fjnA2_ali_4m3yA1 0.971559 0.126224  7.364732 0.677360  6.687372 0.908027 12 24
DHV12_4fjnA2_ali_4m3zA1 0.971772 0.169872  7.403886 0.773756  6.630130 0.895493 12 24
DHV12_4fjnA2_ali_4m45A1 0.968151 0.183796  7.309309 0.598708  6.710601 0.918090 12 24
DHV12_4fk2A1_ali_4fjnA2 0.970196 0.268248  7.447778 0.794044  6.653734 0.893385 12 24
DHV12_4fk4A1_ali_4fjnA2 0.968228 0.151723  7.300448 0.707328  6.593120 0.903112 12 24
DHV12_4m3tA1_ali_4fjnA2 0.970953 0.215160  7.343832 0.765512  6.578321 0.895761 12 24
DHV12_4m3yA1_ali_4fjnA2 0.968185 0.126224  7.367284 0.708956  6.658329 0.903770 12 24
DHV12_4m3zA1_ali_4fjnA2 0.969430 0.169872  7.407493 0.765011  6.642482 0.896725 12 24
DHV12_4m45A1_ali_4fjnA2 0.968974 0.183796  7.312386 0.631291  6.681095 0.913668 12 24
DHV13_2pa5A1_ali_4iczA2 0.952254 0.575739  3.347601 0.483321  2.864280 0.855622 12 22
DHV13_4ge2A1_ali_4iczA2 0.952577 0.547937  3.377735 0.482477  2.895258 0.857160 12 22
DHV13_4ge6B1_ali_4iczA2 0.952877 0.472325  3.112044 0.377385  2.734659 0.878734 12 22
DHV13_4iczA2_ali_2pa5A1 0.945278 0.575739  3.338403 0.906942  2.431461 0.728331 12 22
DHV13_4iczA2_ali_4ge2A1 0.947027 0.547937  3.379608 0.890256  2.489352 0.736580 12 22
DHV13_4iczA2_ali_4ge6B1 0.954300 0.472325  3.101924 0.550070  2.551854 0.822668 12 22
DHV14_4jhxA1_ali_4kwtC2 0.740244 1.023589  2.840143 0.522430  2.317713 0.816055 12 23
DHV14_4kwtC2_ali_4jhxA1 0.818684 1.023589  2.843413 0.602326  2.241087 0.788168 12 23
DHV15_3agnA1_ali_3agoA2 0.891252 0.265100  7.177520 0.591054  6.586466 0.917652 12 22
DHV15_3agnA1_ali_3ahwA3 0.923496 0.740825  5.513085 0.524566  4.988519 0.904851 12 22
DHV15_3agoA2_ali_3agnA1 0.829912 0.265100  7.179677 1.436119  5.743558 0.799974 12 22
DHV15_3agoA2_ali_3ahwA3 0.872808 0.838803  5.317299 0.455185  4.862115 0.914396 12 22
DHV15_3ahwA3_ali_3agnA1 0.868949 0.740825  5.503693 0.519239  4.984454 0.905656 12 22
DHV15_3ahwA3_ali_3agoA2 0.847030 0.838803  5.319358 0.462498  4.856860 0.913054 12 22
DHV16_1a4uB1_ali_1b16B2 0.750627 0.219767  2.476119 0.189785  2.286334 0.923354 13 25
DHV16_1a4uB1_ali_1sbyB2 0.736924 0.163138  2.421283 0.228097  2.193186 0.905795 13 25
DHV16_1b16B2_ali_1a4uB1 0.776728 0.219767  2.463999 0.610473  1.853526 0.752243 13 25
DHV16_1b16B2_ali_1b2lA3 0.932568 0.307232  3.167865 0.320650  2.847214 0.898780 13 25
DHV16_1b2lA3_ali_1b16B2 0.882745 0.307232  3.179983 0.203319  2.976664 0.936063 13 25
DHV16_1b2lA3_ali_1sbyB2 0.889651 0.332750  3.072336 0.211517  2.860819 0.931154 13 25
DHV16_1sbyB2_ali_1a4uB1 0.762800 0.163138  2.404635 0.564808  1.839827 0.765117 13 25
DHV16_1sbyB2_ali_1b2lA3 0.927521 0.332750  3.053725 0.244303  2.809422 0.919998 13 25
DHV17_3hszA1_ali_3ht0A2 0.959429 0.329077 11.277410 0.615077 10.662333 0.945459 13 25
DHV17_3ht0A2_ali_3hszA1 0.969851 0.329077 11.325063 0.780333 10.544730 0.931097 13 25
DHV18_3m7wD1_ali_4guiB2 0.946354 0.678469  4.367940 0.590528  3.777412 0.864804 13 25
DHV18_3m7wD1_ali_4gujB2 0.946420 0.682733  4.357606 0.333770  4.023836 0.923405 13 25
DHV18_3oexB1_ali_4guiB2 0.950844 0.507319  4.556359 0.293297  4.263062 0.935629 13 25
DHV18_3oexB1_ali_4gujB2 0.950573 0.467579  4.544917 0.296517  4.248400 0.934759 13 25
DHV18_4gfsA1_ali_4guiB2 0.947597 0.553654  4.542559 0.344150  4.198409 0.924239 13 25
DHV18_4gfsA1_ali_4gujB2 0.947134 0.545175  4.538670 0.358943  4.179727 0.920915 13 25
DHV18_4guiB2_ali_3m7wD1 0.940716 0.678469  4.366348 0.524887  3.841461 0.879788 13 25
DHV18_4guiB2_ali_3oexB1 0.946759 0.507319  4.560551 0.522801  4.037749 0.885364 13 25
DHV18_4guiB2_ali_4gfsA1 0.944714 0.553654  4.544101 0.416450  4.127651 0.908354 13 25
DHV18_4gujB2_ali_3m7wD1 0.942501 0.682733  4.353333 0.382996  3.970337 0.912022 13 25
DHV18_4gujB2_ali_3oexB1 0.948760 0.467579  4.546264 0.298637  4.247627 0.934311 13 25
DHV18_4gujB2_ali_4gfsA1 0.946647 0.545175  4.537771 0.352390  4.185381 0.922343 13 25
DHV19_1dg3A1_ali_1f5nA2 0.943706 0.808790  5.370720 0.876050  4.494670 0.836884 13 26
DHV19_1f5nA2_ali_1dg3A1 0.938650 0.808790  5.379486 0.936108  4.443378 0.825986 13 26
DHV20_3phgA1_ali_3phhA2 0.899060 0.396831  3.140397 0.695972  2.444425 0.778381 13 25
DHV20_3phhA2_ali_3phgA1 0.823632 0.396831  3.133794 0.234248  2.899546 0.925251 13 25
DHV21_3d05A1_ali_3d06A2 0.823944 0.115927  4.271810 0.283005  3.988805 0.933751 14 27
DHV21_3d06A2_ali_3d05A1 0.864572 0.115927  4.274771 0.196243  4.078527 0.954093 14 27
DHV22_3v0dB1_ali_3v0fA2 0.909478 0.199602  6.805248 0.703343  6.101905 0.896647 14 28
DHV22_3v0dB1_ali_3v0hB3 0.940077 0.426675  8.617382 0.768011  7.849371 0.910877 14 28
DHV22_3v0fA2_ali_3v0dB1 0.924104 0.199602  6.800816 0.707975  6.092841 0.895898 14 28
DHV22_3v0fA2_ali_3v0gB1 0.904911 0.335120  7.203521 0.725084  6.478436 0.899343 14 28
DHV22_3v0fA2_ali_3v0hB3 0.952087 0.417482  8.652398 1.107693  7.544705 0.871978 14 28
DHV22_3v0gB1_ali_3v0fA2 0.893835 0.335120  7.202588 0.865977  6.336611 0.879769 14 28
DHV22_3v0gB1_ali_3v0hB3 0.930149 0.295790  8.488209 0.758727  7.729481 0.910614 14 28
DHV22_3v0hB3_ali_3v0dB1 0.936568 0.426675  8.611464 0.928293  7.683170 0.892203 14 28
DHV22_3v0hB3_ali_3v0fA2 0.957475 0.417482  8.654458 0.732713  7.921745 0.915337 14 28
DHV22_3v0hB3_ali_3v0gB1 0.933138 0.295790  8.489147 0.622727  7.866421 0.926644 14 28
DHV23_4mxrB1_ali_4myfA2 0.977694 0.255235  2.862594 0.256157  2.606437 0.910516 14 27
DHV23_4mxrB1_ali_4mykA2 0.977072 0.250659  2.826312 0.249412  2.576900 0.911754 14 27
DHV23_4mxrB1_ali_4mylA2 0.977090 0.294748  2.802813 0.278308  2.524505 0.900704 14 27
DHV23_4myfA2_ali_4mxrB1 0.976234 0.255235  2.838128 0.360363  2.477765 0.873028 14 27
DHV23_4mykA2_ali_4mxrB1 0.978108 0.250659  2.798076 0.301536  2.496540 0.892235 14 27
DHV23_4mylA2_ali_4mxrB1 0.978125 0.294748  2.790309 0.335214  2.455095 0.879865 14 27
DHV24_2ce2X1_ali_2cl6X3 0.848153 0.874287  2.430626 0.782908  1.647718 0.677899 14 27
DHV24_2cl0X2_ali_2cl6X3 0.834622 0.544964  2.352629 0.361530  1.991099 0.846329 14 27
DHV24_2cl6X3_ali_2ce2X1 0.837704 0.874287  2.420277 0.680870  1.739407 0.718681 14 27
DHV24_2cl6X3_ali_2cl0X2 0.912275 0.544964  2.349755 0.432119  1.917636 0.816101 14 27
DHV24_2cl6X3_ali_2clcX4 0.910465 0.341435  2.028519 0.250939  1.777580 0.876294 14 27
DHV24_2cl6X3_ali_2evwX4 0.890857 0.396526  2.098129 0.305442  1.792687 0.854422 14 27
DHV24_2clcX4_ali_2cl6X3 0.843907 0.341435  2.031759 0.338380  1.693379 0.833455 14 27
DHV24_2evwX4_ali_2cl6X3 0.793365 0.396526  2.088564 0.494975  1.593589 0.763007 14 27
DHV25_1gqyB1_ali_1p31B2 0.943742 0.608194  9.497833 0.267622  9.230211 0.971823 14 27
DHV25_1gqyB1_ali_1p3dA2 0.945267 0.559743  9.534879 0.246044  9.288835 0.974195 14 27
DHV25_1p31B2_ali_1gqyB1 0.921505 0.608194  9.503075 0.752379  8.750695 0.920828 14 27
DHV25_1p3dA2_ali_1gqyB1 0.923295 0.559743  9.542392 0.744278  8.798113 0.922003 14 27
DHV26_2rbtX1_ali_2rbuX2 0.919026 0.115277  5.228753 0.305857  4.922896 0.941505 15 29
DHV26_2rbtX1_ali_2rbwX3 0.834455 0.205755  3.478014 0.544230  2.933784 0.843523 15 29
DHV26_2rbtX1_ali_2rc2X3 0.835336 0.124240  3.505287 0.513928  2.991359 0.853385 15 29
DHV26_2rbuX2_ali_2rbtX1 0.912442 0.115277  5.234807 0.402977  4.831830 0.923020 15 29
DHV26_2rbuX2_ali_2rbvX1 0.914106 0.130104  5.215343 0.393604  4.821739 0.924530 15 29
DHV26_2rbuX2_ali_2rbwX3 0.925756 0.174991  2.535187 0.305201  2.229986 0.879614 15 29
DHV26_2rbuX2_ali_2rbxX1 0.907123 0.131593  5.297428 0.456328  4.841100 0.913859 15 29
DHV26_2rbuX2_ali_2rbyX1 0.909538 0.114173  5.267863 0.407646  4.860217 0.922616 15 29
DHV26_2rbuX2_ali_2rbzX1 0.908919 0.173897  5.318598 0.441423  4.877175 0.917004 15 29
DHV26_2rbuX2_ali_2rc0X1 0.906898 0.146231  5.308827 0.422817  4.886010 0.920356 15 29
DHV26_2rbuX2_ali_2rc2X3 0.928190 0.132506  2.492147 0.312696  2.179451 0.874527 15 29
DHV26_2rbvX1_ali_2rbuX2 0.920049 0.130104  5.210506 0.305268  4.905239 0.941413 15 29
DHV26_2rbvX1_ali_2rbwX3 0.833955 0.212301  3.466777 0.532686  2.934092 0.846346 15 29
DHV26_2rbvX1_ali_2rc2X3 0.834761 0.107230  3.494007 0.509540  2.984466 0.854167 15 29
DHV26_2rbwX3_ali_2rbtX1 0.840005 0.205755  3.477308 0.428410  3.048898 0.876798 15 29
DHV26_2rbwX3_ali_2rbuX2 0.940663 0.174991  2.532511 0.324550  2.207961 0.871847 15 29
DHV26_2rbwX3_ali_2rbvX1 0.836276 0.212301  3.465617 0.429470  3.036147 0.876077 15 29
DHV26_2rbwX3_ali_2rbxX1 0.837046 0.198022  3.585593 0.442155  3.143438 0.876686 15 29
DHV26_2rbwX3_ali_2rbyX1 0.839425 0.160451  3.521791 0.426118  3.095673 0.879005 15 29
DHV26_2rbwX3_ali_2rbzX1 0.843047 0.227527  3.583166 0.439101  3.144065 0.877455 15 29
DHV26_2rbwX3_ali_2rc0X1 0.840131 0.157470  3.578942 0.447046  3.131895 0.875090 15 29
DHV26_2rbxX1_ali_2rbuX2 0.918813 0.131593  5.293145 0.347111  4.946033 0.934422 15 29
DHV26_2rbxX1_ali_2rbwX3 0.832798 0.198022  3.586446 0.540137  3.046309 0.849395 15 29
DHV26_2rbxX1_ali_2rc2X3 0.833827 0.158989  3.614496 0.521669  3.092827 0.855673 15 29
DHV26_2rbyX1_ali_2rbuX2 0.917070 0.114173  5.264321 0.331494  4.932827 0.937030 15 29
DHV26_2rbyX1_ali_2rbwX3 0.828030 0.160451  3.522841 0.546823  2.976018 0.844778 15 29
DHV26_2rbyX1_ali_2rc2X3 0.828828 0.104860  3.549657 0.522771  3.026886 0.852726 15 29
DHV26_2rbzX1_ali_2rbuX2 0.919280 0.173897  5.314157 0.342701  4.971457 0.935512 15 29
DHV26_2rbzX1_ali_2rbwX3 0.834639 0.227527  3.584301 0.536671  3.047630 0.850272 15 29
DHV26_2rbzX1_ali_2rc2X3 0.835584 0.158484  3.611980 0.523260  3.088721 0.855132 15 29
DHV26_2rc0X1_ali_2rbuX2 0.916047 0.146231  5.304939 0.325429  4.979510 0.938655 15 29
DHV26_2rc0X1_ali_2rbwX3 0.833201 0.157470  3.581955 0.548457  3.033499 0.846883 15 29
DHV26_2rc0X1_ali_2rc2X3 0.834014 0.122096  3.610115 0.523821  3.086294 0.854902 15 29
DHV26_2rc2X3_ali_2rbtX1 0.843570 0.124240  3.502426 0.432402  3.070025 0.876542 15 29
DHV26_2rc2X3_ali_2rbuX2 0.938929 0.132506  2.489176 0.311009  2.178167 0.875055 15 29
DHV26_2rc2X3_ali_2rbvX1 0.840152 0.107230  3.490799 0.435457  3.055343 0.875256 15 29
DHV26_2rc2X3_ali_2rbxX1 0.840442 0.158989  3.610779 0.433399  3.177380 0.879971 15 29
DHV26_2rc2X3_ali_2rbyX1 0.842894 0.104860  3.546412 0.425725  3.120687 0.879956 15 29
DHV26_2rc2X3_ali_2rbzX1 0.846306 0.158484  3.608421 0.434425  3.173996 0.879608 15 29
DHV26_2rc2X3_ali_2rc0X1 0.843392 0.122096  3.604275 0.438337  3.165938 0.878384 15 29
DHV27_5ktaA1_ali_5ktcA2 0.936603 0.636259  7.498583 0.376759  7.121825 0.949756 15 30
DHV27_5ktaA1_ali_5ktdA2 0.936582 0.602834  7.481007 0.353876  7.127131 0.952697 15 30
DHV27_5ktcA2_ali_5ktaA1 0.942028 0.636259  7.496233 0.747330  6.748903 0.900306 15 30
DHV27_5ktdA2_ali_5ktaA1 0.940588 0.602834  7.479917 0.640687  6.839231 0.914346 15 30
DHV28_2yjdB2_ali_3omqA2 0.932444 0.491929  2.175355 0.306535  1.868820 0.859087 15 26
DHV28_3omqA2_ali_2yjdB2 0.904184 0.491929  2.163652 0.364999  1.798653 0.831304 15 26
DHV29_3illA1_ali_3iloA2 0.900416 0.574008  4.771385 0.755369  4.016016 0.841688 15 29
DHV29_3iloA2_ali_3illA1 0.890273 0.574008  4.784379 0.643369  4.141010 0.865527 15 29
DHV30_2xguA1_ali_2xgyA2 0.976679 0.658150  7.619885 0.658851  6.961035 0.913535 15 24
DHV30_2xgyA2_ali_2xguA1 0.977497 0.658150  7.628449 0.811846  6.816604 0.893577 15 24
#-------------------------------------------------------------------------------
#Avg(186):              0.901602 0.398306  4.613036 0.540639  4.072397 0.868360 13 25
#Sig(186):              0.058604 0.253241  2.076557 0.241829  1.998282 0.071835  2  3
#Med(186):              0.916301 0.332750  4.138299 0.489148  3.472357 0.880341 13 25
