# Morphing                 Delta0    RmsdA    RmsdI    RmsdF    RmsdD   Motion N_res N_dh
DHV04_3wafB2_ali_3waeA1  0.894986 0.535413 3.107748 0.900004 2.207744 0.710400 10 19
DHV05_3mp6A1_ali_3mp8A2  0.915657 0.473150 5.316560 1.447877 3.868683 0.727666 10 18
DHV05_3mp8A2_ali_3mp6A1  0.916555 0.473150 5.319606 0.895224 4.424382 0.831712 10 18
DHV06_1xbbA1_ali_4fyoA2  0.960376 0.864298 3.126215 0.884799 2.241416 0.716974 11 22
DHV06_1xbbA1_ali_4i0sA2  0.966153 1.103826 3.763395 1.097007 2.666388 0.708506 11 22
DHV06_1xbbA1_ali_4i0tA2  0.894712 0.818166 2.575481 1.285531 1.289950 0.500858 11 22
DHV06_4fyoA2_ali_4i0tA2  0.889559 0.484244 2.068100 0.911066 1.157034 0.559467 11 22
DHV06_4i0sA2_ali_1xbbA1  0.936229 1.103826 3.772413 0.817759 2.954653 0.783226 11 22
DHV06_4i0sA2_ali_4i0tA2  0.934878 0.667877 2.804282 1.118169 1.686113 0.601264 11 22
DHV06_4i0tA2_ali_1xbbA1  0.915075 0.818166 2.579976 0.955843 1.624134 0.629515 11 22
DHV09_2q9fA1_ali_3mdmA2  0.906364 1.111509 4.762760 0.953933 3.808826 0.799710 11 21
DHV09_3mdmA2_ali_2q9fA1  0.848659 1.111509 4.757334 1.197552 3.559782 0.748272 11 21
DHV12_4fj7A1_ali_4fjnA2  0.972338 0.230996 7.312510 0.815324 6.497187 0.888503 12 24
DHV12_4fjnA2_ali_4fk2A1  0.973127 0.268248 7.440556 0.861141 6.579415 0.884264 12 24
DHV13_4iczA2_ali_2pa5A1  0.945278 0.575739 3.338403 0.906942 2.431461 0.728331 12 22
DHV13_4iczA2_ali_4ge2A1  0.947027 0.547937 3.379608 0.890256 2.489352 0.736580 12 22
DHV15_3agoA2_ali_3agnA1  0.829912 0.265100 7.179677 1.436119 5.743558 0.799974 12 22
DHV19_1dg3A1_ali_1f5nA2  0.943706 0.808790 5.370720 0.876050 4.494670 0.836884 13 26
DHV19_1f5nA2_ali_1dg3A1  0.938650 0.808790 5.379486 0.936108 4.443378 0.825986 13 26
DHV22_3v0fA2_ali_3v0hB3  0.952087 0.417482 8.652398 1.107693 7.544705 0.871978 14 28
DHV22_3v0gB1_ali_3v0fA2  0.893835 0.335120 7.202588 0.865977 6.336611 0.879769 14 28
DHV22_3v0hB3_ali_3v0dB1  0.936568 0.426675 8.611464 0.928293 7.683170 0.892203 14 28
DHV30_2xgyA2_ali_2xguA1  0.977497 0.658150 7.628449 0.811846 6.816604 0.893577 15 24
