# Morphing                 Delta0    RmsdA    RmsdI    RmsdF    RmsdD   Motion N_res N_dh
DHV03_4kfrB1_ali_4kfuA2  0.914557 1.033741 4.522810 0.396327 4.126483 0.912372 10 20
DHV03_4kfuA2_ali_4kfrB1  0.904544 1.033741 4.509773 0.641289 3.868483 0.857800 10 20
DHV06_1xbbA1_ali_4fyoA2  0.960376 0.864298 3.126215 0.884799 2.241416 0.716974 11 22
DHV06_1xbbA1_ali_4i0sA2  0.966153 1.103826 3.763395 1.097007 2.666388 0.708506 11 22
DHV06_1xbbA1_ali_4i0tA2  0.894712 0.818166 2.575481 1.285531 1.289950 0.500858 11 22
DHV06_4fyoA2_ali_1xbbA1  0.934099 0.864298 3.135041 0.708266 2.426775 0.774081 11 22
DHV06_4i0sA2_ali_1xbbA1  0.936229 1.103826 3.772413 0.817759 2.954653 0.783226 11 22
DHV06_4i0tA2_ali_1xbbA1  0.915075 0.818166 2.579976 0.955843 1.624134 0.629515 11 22
DHV09_2q9fA1_ali_3mdmA2  0.906364 1.111509 4.762760 0.953933 3.808826 0.799710 11 21
DHV09_3mdmA2_ali_2q9fA1  0.848659 1.111509 4.757334 1.197552 3.559782 0.748272 11 21
DHV10_3irsC1_ali_3k4wL2  0.920483 0.833454 4.373157 0.744302 3.628855 0.829802 11 22
DHV10_3k4wL2_ali_3irsC1  0.928275 0.833454 4.332904 0.715172 3.617732 0.834944 11 22
DHV14_4jhxA1_ali_4kwtC2  0.740244 1.023589 2.840143 0.522430 2.317713 0.816055 12 23
DHV14_4kwtC2_ali_4jhxA1  0.818684 1.023589 2.843413 0.602326 2.241087 0.788168 12 23
DHV15_3agnA1_ali_3ahwA3  0.923496 0.740825 5.513085 0.524566 4.988519 0.904851 12 22
DHV15_3agoA2_ali_3ahwA3  0.872808 0.838803 5.317299 0.455185 4.862115 0.914396 12 22
DHV15_3ahwA3_ali_3agnA1  0.868949 0.740825 5.503693 0.519239 4.984454 0.905656 12 22
DHV15_3ahwA3_ali_3agoA2  0.847030 0.838803 5.319358 0.462498 4.856860 0.913054 12 22
DHV19_1dg3A1_ali_1f5nA2  0.943706 0.808790 5.370720 0.876050 4.494670 0.836884 13 26
DHV19_1f5nA2_ali_1dg3A1  0.938650 0.808790 5.379486 0.936108 4.443378 0.825986 13 26
DHV24_2ce2X1_ali_2cl6X3  0.848153 0.874287 2.430626 0.782908 1.647718 0.677899 14 27
DHV24_2ce2X1_ali_2cl7X4  0.727677 0.862228 1.688083 0.585481 1.102602 0.653168 14 27
DHV24_2ce2X1_ali_2clcX4  0.683323 0.848457 1.607413 0.574183 1.033231 0.642791 14 27
DHV24_2ce2X1_ali_2evwX4  0.641049 0.863699 1.585269 0.890736 0.694533 0.438117 14 27
DHV24_2cl6X3_ali_2ce2X1  0.837704 0.874287 2.420277 0.680870 1.739407 0.718681 14 27
DHV24_2cl7X4_ali_2ce2X1  0.712505 0.862228 1.692250 0.679810 1.012440 0.598280 14 27
DHV24_2clcX4_ali_2ce2X1  0.655852 0.848457 1.609676 0.410148 1.199528 0.745198 14 27
DHV24_2evwX4_ali_2ce2X1  0.653592 0.863699 1.584857 0.465756 1.119102 0.706121 14 27
