DHV01_3iu1B1_ali_3iweA2  0.892640 0.181691 3.510273 0.428553 3.081720 0.877915 10 19
DHV01_3iweA2_ali_3iu1B1  0.890158 0.181691 3.512525 0.617976 2.894549 0.824065 10 19
DHV11_3gnoA1_ali_3gnpA1  0.903738 0.188395 4.225298 0.199290 4.026008 0.952834 12 24
DHV11_3gnpA1_ali_3gnoA1  0.921579 0.188395 4.221921 0.718464 3.503457 0.829825 12 24
DHV12_4fjlA1_ali_4fjnA2  0.975434 0.150182 6.909655 0.629965 6.279690 0.908828 12 24
DHV12_4fjnA2_ali_4fjlA1  0.972205 0.150182 6.908165 0.523612 6.384553 0.924204 12 24
DHV12_4fjnA2_ali_4fk4A1  0.971795 0.151723 7.298722 0.632617 6.666105 0.913325 12 24
DHV12_4fjnA2_ali_4m3yA1  0.971559 0.126224 7.364732 0.677360 6.687372 0.908027 12 24
DHV12_4fjnA2_ali_4m3zA1  0.971772 0.169872 7.403886 0.773756 6.630130 0.895493 12 24
DHV12_4fjnA2_ali_4m45A1  0.968151 0.183796 7.309309 0.598708 6.710601 0.918090 12 24
DHV12_4fk4A1_ali_4fjnA2  0.968228 0.151723 7.300448 0.707328 6.593120 0.903112 12 24
DHV12_4m3yA1_ali_4fjnA2  0.968185 0.126224 7.367284 0.708956 6.658329 0.903770 12 24
DHV12_4m3zA1_ali_4fjnA2  0.969430 0.169872 7.407493 0.765011 6.642482 0.896725 12 24
DHV12_4m45A1_ali_4fjnA2  0.968974 0.183796 7.312386 0.631291 6.681095 0.913668 12 24
DHV16_1a4uB1_ali_1sbyB2  0.736924 0.163138 2.421283 0.228097 2.193186 0.905795 13 25
DHV16_1sbyB2_ali_1a4uB1  0.762800 0.163138 2.404635 0.564808 1.839827 0.765117 13 25
DHV21_3d05A1_ali_3d06A2  0.823944 0.115927 4.271810 0.283005 3.988805 0.933751 14 27
DHV21_3d06A2_ali_3d05A1  0.864572 0.115927 4.274771 0.196243 4.078527 0.954093 14 27
DHV22_3v0dB1_ali_3v0fA2  0.909478 0.199602 6.805248 0.703343 6.101905 0.896647 14 28
DHV22_3v0fA2_ali_3v0dB1  0.924104 0.199602 6.800816 0.707975 6.092841 0.895898 14 28
DHV26_2rbtX1_ali_2rbuX2  0.919026 0.115277 5.228753 0.305857 4.922896 0.941505 15 29
DHV26_2rbtX1_ali_2rc2X3  0.835336 0.124240 3.505287 0.513928 2.991359 0.853385 15 29
DHV26_2rbuX2_ali_2rbtX1  0.912442 0.115277 5.234807 0.402977 4.831830 0.923020 15 29
DHV26_2rbuX2_ali_2rbvX1  0.914106 0.130104 5.215343 0.393604 4.821739 0.924530 15 29
DHV26_2rbuX2_ali_2rbwX3  0.925756 0.174991 2.535187 0.305201 2.229986 0.879614 15 29
DHV26_2rbuX2_ali_2rbxX1  0.907123 0.131593 5.297428 0.456328 4.841100 0.913859 15 29
DHV26_2rbuX2_ali_2rbyX1  0.909538 0.114173 5.267863 0.407646 4.860217 0.922616 15 29
DHV26_2rbuX2_ali_2rbzX1  0.908919 0.173897 5.318598 0.441423 4.877175 0.917004 15 29
DHV26_2rbuX2_ali_2rc0X1  0.906898 0.146231 5.308827 0.422817 4.886010 0.920356 15 29
DHV26_2rbuX2_ali_2rc2X3  0.928190 0.132506 2.492147 0.312696 2.179451 0.874527 15 29
DHV26_2rbvX1_ali_2rbuX2  0.920049 0.130104 5.210506 0.305268 4.905239 0.941413 15 29
DHV26_2rbvX1_ali_2rc2X3  0.834761 0.107230 3.494007 0.509540 2.984466 0.854167 15 29
DHV26_2rbwX3_ali_2rbuX2  0.940663 0.174991 2.532511 0.324550 2.207961 0.871847 15 29
DHV26_2rbwX3_ali_2rbxX1  0.837046 0.198022 3.585593 0.442155 3.143438 0.876686 15 29
DHV26_2rbwX3_ali_2rbyX1  0.839425 0.160451 3.521791 0.426118 3.095673 0.879005 15 29
DHV26_2rbwX3_ali_2rc0X1  0.840131 0.157470 3.578942 0.447046 3.131895 0.875090 15 29
DHV26_2rbxX1_ali_2rbuX2  0.918813 0.131593 5.293145 0.347111 4.946033 0.934422 15 29
DHV26_2rbxX1_ali_2rbwX3  0.832798 0.198022 3.586446 0.540137 3.046309 0.849395 15 29
DHV26_2rbxX1_ali_2rc2X3  0.833827 0.158989 3.614496 0.521669 3.092827 0.855673 15 29
DHV26_2rbyX1_ali_2rbuX2  0.917070 0.114173 5.264321 0.331494 4.932827 0.937030 15 29
DHV26_2rbyX1_ali_2rbwX3  0.828030 0.160451 3.522841 0.546823 2.976018 0.844778 15 29
DHV26_2rbyX1_ali_2rc2X3  0.828828 0.104860 3.549657 0.522771 3.026886 0.852726 15 29
DHV26_2rbzX1_ali_2rbuX2  0.919280 0.173897 5.314157 0.342701 4.971457 0.935512 15 29
DHV26_2rbzX1_ali_2rc2X3  0.835584 0.158484 3.611980 0.523260 3.088721 0.855132 15 29
DHV26_2rc0X1_ali_2rbuX2  0.916047 0.146231 5.304939 0.325429 4.979510 0.938655 15 29
DHV26_2rc0X1_ali_2rbwX3  0.833201 0.157470 3.581955 0.548457 3.033499 0.846883 15 29
DHV26_2rc0X1_ali_2rc2X3  0.834014 0.122096 3.610115 0.523821 3.086294 0.854902 15 29
DHV26_2rc2X3_ali_2rbtX1  0.843570 0.124240 3.502426 0.432402 3.070025 0.876542 15 29
DHV26_2rc2X3_ali_2rbuX2  0.938929 0.132506 2.489176 0.311009 2.178167 0.875055 15 29
DHV26_2rc2X3_ali_2rbvX1  0.840152 0.107230 3.490799 0.435457 3.055343 0.875256 15 29
DHV26_2rc2X3_ali_2rbxX1  0.840442 0.158989 3.610779 0.433399 3.177380 0.879971 15 29
DHV26_2rc2X3_ali_2rbyX1  0.842894 0.104860 3.546412 0.425725 3.120687 0.879956 15 29
DHV26_2rc2X3_ali_2rbzX1  0.846306 0.158484 3.608421 0.434425 3.173996 0.879608 15 29
DHV26_2rc2X3_ali_2rc0X1  0.843392 0.122096 3.604275 0.438337 3.165938 0.878384 15 29
