# Morphing                 Delta0    RmsdA   RmsdA2    RmsdI    RmsdF    RmsdD   Motion N_res N_dh
#-------------------------------------------------------------------------------------------
DHV01_3iu1B1_ali_3iu2A2_af2 0.873022 0.205789 0.099331  3.335116 0.416584 2.918532 0.875092 10 19
DHV01_3iu1B1_ali_3iweA2_af2 0.889529 0.181691 0.139791  3.513649 0.455079 3.058570 0.870483 10 19
DHV01_3iu1B1_ali_3jtkA2_af2 0.893581 0.291153 0.154663  3.576497 0.479203 3.097294 0.866013 10 19
DHV01_3iu2A2_ali_3iu1B1_af2 0.895042 0.205789 0.099331  3.339756 0.498513 2.841243 0.850734 10 19
DHV01_3iu2A2_ali_3iweA2_af2 0.910253 0.134618 0.104638  0.412716 0.182347 0.230369 0.558178 10 19
DHV01_3iu2A2_ali_3jtkA2_af2 0.920511 0.170409 0.109736  0.507625 0.214220 0.293406 0.577996 10 19
DHV01_3iweA2_ali_3iu1B1_af2 0.889841 0.181691 0.139791  3.516328 0.701341 2.814986 0.800547 10 19
DHV01_3iweA2_ali_3iu2A2_af2 0.870624 0.134618 0.104638  0.414662 0.234636 0.180026 0.434152 10 19
DHV01_3iweA2_ali_3jtkA2_af2 0.916382 0.159430 0.050660  0.195106 0.083612 0.111494 0.571452 10 19
DHV01_3jtkA2_ali_3iu1B1_af2 0.899643 0.291153 0.154663  3.576716 0.636287 2.940428 0.822103 10 19
DHV01_3jtkA2_ali_3iu2A2_af2 0.830801 0.170409 0.109736  0.509813 0.331455 0.178359 0.349851 10 19
DHV01_3jtkA2_ali_3iweA2_af2 0.913639 0.159430 0.050660  0.195477 0.085936 0.109541 0.560379 10 19
DHV02_4hidA1_ali_4hikA1_af2 0.964473 0.397472 0.344357  0.818908 0.197901 0.621006 0.758335 10 20
DHV02_4hidA1_ali_4himA1_af2 0.968267 0.331265 0.251383  0.854707 0.199308 0.655399 0.766811 10 20
DHV02_4hidA1_ali_4hioA1_af2 0.982957 0.176445 0.091136  0.498918 0.095632 0.403287 0.808322 10 20
DHV02_4hidA1_ali_4hj7A2_af2 0.821771 0.481952 0.232348  2.296466 0.348902 1.947564 0.848070 10 20
DHV02_4hidA1_ali_4hj9A1_af2 0.954473 0.366178 0.270235  0.729952 0.208880 0.521072 0.713844 10 20
DHV02_4hikA1_ali_4hidA1_af2 0.964700 0.397472 0.344357  0.821469 0.224593 0.596876 0.726596 10 20
DHV02_4hikA1_ali_4himA1_af2 0.932536 0.161197 0.140807  0.172884 0.071508 0.101376 0.586383 10 20
DHV02_4hikA1_ali_4hioA1_af2 0.965389 0.318450 0.267337  0.636211 0.173963 0.462249 0.726565 10 20
DHV02_4hikA1_ali_4hj7A2_af2 0.852328 0.487321 0.156836  2.448179 0.295206 2.152973 0.879418 10 20
DHV02_4hikA1_ali_4hj9A1_af2 0.889849 0.164796 0.103119  0.188829 0.089135 0.099693 0.527958 10 20
DHV02_4himA1_ali_4hidA1_af2 0.967164 0.331265 0.251383  0.854902 0.233915 0.620987 0.726384 10 20
DHV02_4himA1_ali_4hikA1_af2 0.932540 0.161197 0.140807  0.174543 0.071388 0.103155 0.590998 10 20
DHV02_4himA1_ali_4hioA1_af2 0.962966 0.254338 0.184302  0.565046 0.166865 0.398180 0.704687 10 20
DHV02_4himA1_ali_4hj7A2_af2 0.861953 0.462736 0.117803  2.551186 0.299862 2.251324 0.882462 10 20
DHV02_4himA1_ali_4hj9A1_af2 0.948696 0.132826 0.074635  0.253055 0.080928 0.172127 0.680194 10 20
DHV02_4hioA1_ali_4hidA1_af2 0.979416 0.176445 0.091136  0.498610 0.097814 0.400796 0.803827 10 20
DHV02_4hioA1_ali_4hikA1_af2 0.961690 0.318450 0.267337  0.640424 0.161264 0.479160 0.748192 10 20
DHV02_4hioA1_ali_4himA1_af2 0.955976 0.254338 0.184302  0.570964 0.153356 0.417609 0.731409 10 20
DHV02_4hioA1_ali_4hj7A2_af2 0.856323 0.419630 0.176310  2.504218 0.320012 2.184206 0.872211 10 20
DHV02_4hioA1_ali_4hj9A1_af2 0.953276 0.272347 0.195096  0.574678 0.167697 0.406981 0.708189 10 20
DHV02_4hj7A2_ali_4hidA1_af2 0.770906 0.481952 0.232348  2.298377 0.284415 2.013962 0.876254 10 20
DHV02_4hj7A2_ali_4hikA1_af2 0.808375 0.487321 0.156836  2.449785 0.180860 2.268925 0.926173 10 20
DHV02_4hj7A2_ali_4himA1_af2 0.821676 0.462736 0.117803  2.551524 0.170812 2.380713 0.933055 10 20
DHV02_4hj7A2_ali_4hioA1_af2 0.823745 0.419630 0.176310  2.508689 0.222207 2.286482 0.911425 10 20
DHV02_4hj7A2_ali_4hj9A1_af2 0.803400 0.384794 0.125059  2.385311 0.235704 2.149607 0.901185 10 20
DHV02_4hj9A1_ali_4hidA1_af2 0.950968 0.366178 0.270235  0.735000 0.242698 0.492302 0.669798 10 20
DHV02_4hj9A1_ali_4hikA1_af2 0.895103 0.164796 0.103119  0.186023 0.089395 0.096628 0.519442 10 20
DHV02_4hj9A1_ali_4himA1_af2 0.946794 0.132826 0.074635  0.254492 0.086684 0.167807 0.659383 10 20
DHV02_4hj9A1_ali_4hioA1_af2 0.953956 0.272347 0.195096  0.573673 0.180227 0.393447 0.685837 10 20
DHV02_4hj9A1_ali_4hj7A2_af2 0.845768 0.384794 0.125059  2.378077 0.351493 2.026584 0.852195 10 20
DHV03_4kfrB1_ali_4kfuA2_af2 0.933938 1.033741 0.501180  5.134265 0.863496 4.270769 0.831817 10 20
DHV03_4kfuA2_ali_4kfrB1_af2 0.903334 1.033741 0.501180  5.126832 0.667874 4.458958 0.869730 10 20
DHV04_3waeA1_ali_3wafB2_af2 0.885744 0.535413 0.231242  3.253134 0.288750 2.964383 0.911239 10 19
DHV04_3wafB2_ali_3waeA1_af2 0.908759 0.535413 0.231242  3.233282 0.840719 2.392564 0.739980 10 19
DHV05_3mp6A1_ali_3mp8A2_af2 0.920384 0.473150 0.267923  4.937137 1.151256 3.785881 0.766817 10 18
DHV05_3mp8A2_ali_3mp6A1_af2 0.923261 0.473150 0.267923  4.937185 0.653200 4.283985 0.867698 10 18
DHV06_1xbbA1_ali_4fyoA2_af2 0.947075 0.864298 0.275076  2.154201 0.316211 1.837990 0.853212 11 22
DHV06_1xbbA1_ali_4i0sA2_af2 0.965271 1.103826 0.276963  2.351095 0.269242 2.081853 0.885482 11 22
DHV06_1xbbA1_ali_4i0tA2_af2 0.850555 0.818166 0.405164  1.900021 0.819182 1.080840 0.568857 11 22
DHV06_4fyoA2_ali_1xbbA1_af2 0.927855 0.864298 0.275076  2.157325 0.202958 1.954367 0.905921 11 22
DHV06_4fyoA2_ali_4i0sA2_af2 0.957011 0.354051 0.061882  0.782411 0.220805 0.561606 0.717789 11 22
DHV06_4fyoA2_ali_4i0tA2_af2 0.878424 0.484244 0.226548  1.702707 0.620729 1.081978 0.635446 11 22
DHV06_4i0sA2_ali_1xbbA1_af2 0.954604 1.103826 0.276963  2.360031 0.205960 2.154071 0.912730 11 22
DHV06_4i0sA2_ali_4fyoA2_af2 0.977515 0.354051 0.061882  0.779064 0.195383 0.583682 0.749208 11 22
DHV06_4i0sA2_ali_4i0tA2_af2 0.926362 0.667877 0.244579  2.220120 0.867253 1.352867 0.609366 11 22
DHV06_4i0tA2_ali_1xbbA1_af2 0.901526 0.818166 0.405164  1.901588 0.719608 1.181980 0.621575 11 22
DHV06_4i0tA2_ali_4fyoA2_af2 0.896880 0.484244 0.226548  1.704886 0.527838 1.177048 0.690397 11 22
DHV06_4i0tA2_ali_4i0sA2_af2 0.919401 0.667877 0.244579  2.213832 0.515875 1.697956 0.766976 11 22
DHV07_3n4fA1_ali_3qpeD2_af2 0.917828 0.382532 0.206372  4.131625 0.271505 3.860120 0.934286 11 22
DHV07_3n4fA1_ali_3vccA2_af2 0.914265 0.493951 0.231973  4.086864 0.317430 3.769434 0.922329 11 22
DHV07_3qpeD2_ali_3n4fA1_af2 0.923338 0.382532 0.206372  4.135175 0.289269 3.845906 0.930047 11 22
DHV07_3qpeD2_ali_3vccA2_af2 0.883570 0.131530 0.046593  0.219435 0.110733 0.108702 0.495372 11 22
DHV07_3vccA2_ali_3n4fA1_af2 0.921504 0.493951 0.231973  4.081970 0.326881 3.755089 0.919921 11 22
DHV07_3vccA2_ali_3qpeD2_af2 0.870400 0.131530 0.046593  0.220663 0.108935 0.111729 0.506332 11 22
DHV08_2vovA1_ali_2voxA2_af2 0.873135 0.549485 0.263308  3.066231 0.288495 2.777736 0.905912 11 21
DHV08_2voxA2_ali_2vovA1_af2 0.888728 0.549485 0.263308  3.069639 0.280258 2.789381 0.908700 11 21
DHV09_2q9fA1_ali_3mdmA2_af2 0.904032 1.111509 0.541322  4.653430 0.894764 3.758666 0.807719 11 21
DHV09_3mdmA2_ali_2q9fA1_af2 0.819314 1.111509 0.541322  4.647559 1.120593 3.526966 0.758886 11 21
DHV10_3irsC1_ali_3k4wL2_af2 0.921720 0.833454 0.355077  4.187895 0.537444 3.650452 0.871667 11 22
DHV10_3k4wL2_ali_3irsC1_af2 0.930538 0.833454 0.355077  4.152153 0.509080 3.643073 0.877394 11 22
DHV11_3gnoA1_ali_3gnpA1_af2 0.908365 0.188395 0.065794  4.306742 0.181908 4.124834 0.957762 12 24
DHV11_3gnoA1_ali_3gnrA2_af2 0.937126 0.098083 0.033579  0.152608 0.055183 0.097425 0.638403 12 24
DHV11_3gnpA1_ali_3gnoA1_af2 0.925635 0.188395 0.065794  4.302279 0.716685 3.585594 0.833417 12 24
DHV11_3gnpA1_ali_3gnrA2_af2 0.927786 0.230490 0.079314  4.278215 0.694352 3.583863 0.837700 12 24
DHV11_3gnrA2_ali_3gnoA1_af2 0.944457 0.098083 0.033579  0.151723 0.053038 0.098685 0.650431 12 24
DHV11_3gnrA2_ali_3gnpA1_af2 0.907113 0.230490 0.079314  4.282586 0.232206 4.050379 0.945779 12 24
DHV12_4fj7A1_ali_4fj9A1_af2 0.882990 0.059358 0.035192  0.085671 0.041487 0.044183 0.515733 12 24
DHV12_4fj7A1_ali_4fjjA1_af2 0.983428 0.091787 0.023895  0.175196 0.036591 0.138605 0.791143 12 24
DHV12_4fj7A1_ali_4fjlA1_af2 0.951436 0.333359 0.168542  0.973596 0.106939 0.866657 0.890161 12 24
DHV12_4fj7A1_ali_4fjnA2_af2 0.970930 0.230996 0.154868  6.627415 0.811773 5.815642 0.877513 12 24
DHV12_4fj7A1_ali_4fk2A1_af2 0.964556 0.143801 0.095185  0.150411 0.052269 0.098141 0.652490 12 24
DHV12_4fj7A1_ali_4fk4A1_af2 0.889879 0.188343 0.070028  0.441058 0.084447 0.356611 0.808535 12 24
DHV12_4fj7A1_ali_4m3tA1_af2 0.788545 0.100617 0.034132  0.242832 0.078489 0.164343 0.676778 12 24
DHV12_4fj7A1_ali_4m3yA1_af2 0.913158 0.143616 0.087775  0.393957 0.101634 0.292324 0.742019 12 24
DHV12_4fj7A1_ali_4m3zA1_af2 0.849044 0.107890 0.038660  0.367597 0.080295 0.287302 0.781568 12 24
DHV12_4fj7A1_ali_4m45A1_af2 0.965017 0.378161 0.220540  1.649719 0.268043 1.381676 0.837522 12 24
DHV12_4fj9A1_ali_4fj7A1_af2 0.911936 0.059358 0.035192  0.083456 0.040058 0.043397 0.520007 12 24
DHV12_4fj9A1_ali_4fjjA1_af2 0.981830 0.108333 0.033702  0.202831 0.044010 0.158820 0.783019 12 24
DHV12_4fj9A1_ali_4fjlA1_af2 0.972413 0.336146 0.184144  0.961896 0.115925 0.845971 0.879483 12 24
DHV12_4fj9A1_ali_4fjnA2_af2 0.970343 0.235499 0.167337  6.627740 0.667027 5.960712 0.899358 12 24
DHV12_4fj9A1_ali_4fk2A1_af2 0.958259 0.124743 0.096644  0.192885 0.071230 0.121655 0.630713 12 24
DHV12_4fj9A1_ali_4fk4A1_af2 0.924102 0.170084 0.084141  0.443139 0.079626 0.363514 0.820314 12 24
DHV12_4fj9A1_ali_4m3tA1_af2 0.851345 0.076475 0.027649  0.287612 0.082822 0.204789 0.712034 12 24
DHV12_4fj9A1_ali_4m3yA1_af2 0.903754 0.149357 0.103674  0.401903 0.124413 0.277490 0.690440 12 24
DHV12_4fj9A1_ali_4m3zA1_af2 0.866799 0.109583 0.062155  0.383636 0.099025 0.284612 0.741879 12 24
DHV12_4fj9A1_ali_4m45A1_af2 0.960165 0.392609 0.235218  1.657981 0.277099 1.380882 0.832870 12 24
DHV12_4fjjA1_ali_4fj7A1_af2 0.981158 0.091787 0.023895  0.177242 0.036570 0.140672 0.793671 12 24
DHV12_4fjjA1_ali_4fj9A1_af2 0.978942 0.108333 0.033702  0.201301 0.043688 0.157613 0.782971 12 24
DHV12_4fjjA1_ali_4fjlA1_af2 0.946037 0.304474 0.165521  0.849912 0.104807 0.745105 0.876685 12 24
DHV12_4fjjA1_ali_4fjnA2_af2 0.969691 0.232577 0.151275  6.793940 0.674426 6.119514 0.900731 12 24
DHV12_4fjjA1_ali_4fk2A1_af2 0.976155 0.181532 0.091909  0.225235 0.052603 0.172632 0.766452 12 24
DHV12_4fjjA1_ali_4fk4A1_af2 0.869394 0.188886 0.067535  0.379533 0.080468 0.299066 0.787983 12 24
DHV12_4fjjA1_ali_4m3tA1_af2 0.824509 0.127749 0.037230  0.278481 0.087872 0.190609 0.684460 12 24
DHV12_4fjjA1_ali_4m3yA1_af2 0.856318 0.164693 0.088513  0.289909 0.113468 0.176441 0.608608 12 24
DHV12_4fjjA1_ali_4m3zA1_af2 0.711845 0.116569 0.040544  0.267061 0.086358 0.180703 0.676635 12 24
DHV12_4fjjA1_ali_4m45A1_af2 0.953453 0.358117 0.216668  1.506375 0.268568 1.237807 0.821712 12 24
DHV12_4fjlA1_ali_4fj7A1_af2 0.975412 0.333359 0.168542  0.974665 0.108267 0.866397 0.888918 12 24
DHV12_4fjlA1_ali_4fj9A1_af2 0.976508 0.336146 0.184144  0.960891 0.117190 0.843701 0.878040 12 24
DHV12_4fjlA1_ali_4fjjA1_af2 0.968722 0.304474 0.165521  0.853465 0.113880 0.739585 0.866567 12 24
DHV12_4fjlA1_ali_4fjnA2_af2 0.975796 0.150182 0.055559  7.293583 0.690915 6.602669 0.905271 12 24
DHV12_4fjlA1_ali_4fk2A1_af2 0.977489 0.358623 0.221513  1.032368 0.113646 0.918722 0.889918 12 24
DHV12_4fjlA1_ali_4fk4A1_af2 0.955165 0.212897 0.123392  0.782045 0.229292 0.552753 0.706804 12 24
DHV12_4fjlA1_ali_4m3tA1_af2 0.956746 0.299346 0.186547  0.966062 0.116753 0.849309 0.879146 12 24
DHV12_4fjlA1_ali_4m3yA1_af2 0.945849 0.238478 0.108452  0.774515 0.099590 0.674925 0.871416 12 24
DHV12_4fjlA1_ali_4m3zA1_af2 0.946321 0.254979 0.143678  0.834594 0.230214 0.604380 0.724160 12 24
DHV12_4fjlA1_ali_4m45A1_af2 0.939591 0.124616 0.066319  1.109680 0.157279 0.952401 0.858267 12 24
DHV12_4fjnA2_ali_4fj7A1_af2 0.972094 0.230996 0.154868  6.617790 0.612633 6.005157 0.907426 12 24
DHV12_4fjnA2_ali_4fj9A1_af2 0.972019 0.235499 0.167337  6.612824 0.657156 5.955667 0.900624 12 24
DHV12_4fjnA2_ali_4fjjA1_af2 0.972617 0.232577 0.151275  6.782060 0.675768 6.106292 0.900359 12 24
DHV12_4fjnA2_ali_4fjlA1_af2 0.973011 0.150182 0.055559  7.292901 0.577685 6.715216 0.920788 12 24
DHV12_4fjnA2_ali_4fk2A1_af2 0.971983 0.268248 0.206304  6.611596 0.555647 6.055949 0.915959 12 24
DHV12_4fjnA2_ali_4fk4A1_af2 0.971003 0.151723 0.110541  6.833456 0.538065 6.295391 0.921260 12 24
DHV12_4fjnA2_ali_4m3tA1_af2 0.971351 0.215160 0.171391  6.637968 0.531609 6.106359 0.919914 12 24
DHV12_4fjnA2_ali_4m3yA1_af2 0.971348 0.126224 0.083947  6.942058 0.623381 6.318676 0.910202 12 24
DHV12_4fjnA2_ali_4m3zA1_af2 0.971677 0.169872 0.131921  6.874537 0.550954 6.323584 0.919856 12 24
DHV12_4fjnA2_ali_4m45A1_af2 0.969516 0.183796 0.084736  8.028712 0.639611 7.389101 0.920335 12 24
DHV12_4fk2A1_ali_4fj7A1_af2 0.962360 0.143801 0.095185  0.151109 0.052604 0.098505 0.651880 12 24
DHV12_4fk2A1_ali_4fj9A1_af2 0.952931 0.124743 0.096644  0.183275 0.067097 0.116177 0.633897 12 24
DHV12_4fk2A1_ali_4fjjA1_af2 0.976058 0.181532 0.091909  0.228748 0.052908 0.175840 0.768706 12 24
DHV12_4fk2A1_ali_4fjlA1_af2 0.966415 0.358623 0.221513  1.030324 0.113840 0.916485 0.889511 12 24
DHV12_4fk2A1_ali_4fjnA2_af2 0.967889 0.268248 0.206304  6.625737 0.687150 5.938587 0.896291 12 24
DHV12_4fk2A1_ali_4fk4A1_af2 0.866753 0.180549 0.132968  0.422793 0.083929 0.338864 0.801490 12 24
DHV12_4fk2A1_ali_4m3tA1_af2 0.656790 0.121157 0.090436  0.256719 0.094281 0.162439 0.632748 12 24
DHV12_4fk2A1_ali_4m3yA1_af2 0.927998 0.200621 0.140634  0.471576 0.105935 0.365641 0.775360 12 24
DHV12_4fk2A1_ali_4m3zA1_af2 0.817210 0.178029 0.120613  0.358276 0.078515 0.279761 0.780854 12 24
DHV12_4fk2A1_ali_4m45A1_af2 0.965918 0.420883 0.273912  1.716778 0.275740 1.441039 0.839385 12 24
DHV12_4fk4A1_ali_4fj7A1_af2 0.936773 0.188343 0.070028  0.435850 0.093544 0.342306 0.785376 12 24
DHV12_4fk4A1_ali_4fj9A1_af2 0.949748 0.170084 0.084141  0.437231 0.092592 0.344638 0.788230 12 24
DHV12_4fk4A1_ali_4fjjA1_af2 0.924805 0.188886 0.067535  0.370355 0.097050 0.273305 0.737953 12 24
DHV12_4fk4A1_ali_4fjlA1_af2 0.965128 0.212897 0.123392  0.777680 0.075011 0.702669 0.903545 12 24
DHV12_4fk4A1_ali_4fjnA2_af2 0.967201 0.151723 0.110541  6.839449 0.672289 6.167161 0.901704 12 24
DHV12_4fk4A1_ali_4fk2A1_af2 0.928241 0.180549 0.132968  0.426316 0.090025 0.336291 0.788830 12 24
DHV12_4fk4A1_ali_4m3tA1_af2 0.964828 0.126321 0.078758  0.281002 0.081700 0.199302 0.709255 12 24
DHV12_4fk4A1_ali_4m3yA1_af2 0.972753 0.140748 0.058819  0.366606 0.114905 0.251701 0.686570 12 24
DHV12_4fk4A1_ali_4m3zA1_af2 0.966027 0.131177 0.060627  0.240547 0.086245 0.154301 0.641461 12 24
DHV12_4fk4A1_ali_4m45A1_af2 0.987137 0.288915 0.168865  1.484236 0.197971 1.286265 0.866618 12 24
DHV12_4m3tA1_ali_4fj7A1_af2 0.865225 0.100617 0.034132  0.270857 0.094400 0.176457 0.651475 12 24
DHV12_4m3tA1_ali_4fj9A1_af2 0.900790 0.076475 0.027649  0.293191 0.100812 0.192379 0.656155 12 24
DHV12_4m3tA1_ali_4fjjA1_af2 0.882146 0.127749 0.037230  0.285537 0.107071 0.178466 0.625017 12 24
DHV12_4m3tA1_ali_4fjlA1_af2 0.936803 0.299346 0.186547  0.965657 0.112421 0.853236 0.883581 12 24
DHV12_4m3tA1_ali_4fjnA2_af2 0.969343 0.215160 0.171391  6.652183 0.681258 5.970925 0.897589 12 24
DHV12_4m3tA1_ali_4fk2A1_af2 0.801495 0.121157 0.090436  0.258609 0.095925 0.162684 0.629073 12 24
DHV12_4m3tA1_ali_4fk4A1_af2 0.930306 0.126321 0.078758  0.280755 0.083753 0.197002 0.701687 12 24
DHV12_4m3tA1_ali_4m3yA1_af2 0.962941 0.130636 0.102597  0.425527 0.132124 0.293402 0.689504 12 24
DHV12_4m3tA1_ali_4m3zA1_af2 0.971362 0.087106 0.063249  0.250791 0.065454 0.185337 0.739008 12 24
DHV12_4m3tA1_ali_4m45A1_af2 0.975634 0.364763 0.237157  1.635426 0.208726 1.426700 0.872372 12 24
DHV12_4m3yA1_ali_4fj7A1_af2 0.931084 0.143616 0.087775  0.387994 0.108360 0.279634 0.720718 12 24
DHV12_4m3yA1_ali_4fj9A1_af2 0.932805 0.149357 0.103674  0.393872 0.115220 0.278653 0.707470 12 24
DHV12_4m3yA1_ali_4fjjA1_af2 0.894359 0.164693 0.088513  0.285617 0.111685 0.173932 0.608970 12 24
DHV12_4m3yA1_ali_4fjlA1_af2 0.928763 0.238478 0.108452  0.769358 0.072578 0.696780 0.905664 12 24
DHV12_4m3yA1_ali_4fjnA2_af2 0.967587 0.126224 0.083947  6.946532 0.668183 6.278348 0.903811 12 24
DHV12_4m3yA1_ali_4fk2A1_af2 0.948518 0.200621 0.140634  0.464634 0.111310 0.353324 0.760435 12 24
DHV12_4m3yA1_ali_4fk4A1_af2 0.956627 0.140748 0.058819  0.377221 0.095193 0.282028 0.747648 12 24
DHV12_4m3yA1_ali_4m3tA1_af2 0.955537 0.130636 0.102597  0.405863 0.120509 0.285354 0.703081 12 24
DHV12_4m3yA1_ali_4m3zA1_af2 0.963330 0.080062 0.069842  0.245174 0.077515 0.167659 0.683838 12 24
DHV12_4m3yA1_ali_4m45A1_af2 0.987750 0.283990 0.152157  1.290989 0.152320 1.138669 0.882013 12 24
DHV12_4m3zA1_ali_4fj7A1_af2 0.910032 0.107890 0.038660  0.365406 0.100816 0.264590 0.724099 12 24
DHV12_4m3zA1_ali_4fj9A1_af2 0.923102 0.109583 0.062155  0.382782 0.111882 0.270900 0.707713 12 24
DHV12_4m3zA1_ali_4fjjA1_af2 0.836158 0.116569 0.040544  0.269944 0.107794 0.162149 0.600678 12 24
DHV12_4m3zA1_ali_4fjlA1_af2 0.937586 0.254979 0.143678  0.831545 0.078155 0.753390 0.906013 12 24
DHV12_4m3zA1_ali_4fjnA2_af2 0.968517 0.169872 0.131921  6.881768 0.679404 6.202364 0.901275 12 24
DHV12_4m3zA1_ali_4fk2A1_af2 0.901455 0.178029 0.120613  0.354257 0.093950 0.260307 0.734796 12 24
DHV12_4m3zA1_ali_4fk4A1_af2 0.930299 0.131177 0.060627  0.249912 0.067600 0.182312 0.729506 12 24
DHV12_4m3zA1_ali_4m3tA1_af2 0.963388 0.087106 0.063249  0.244243 0.070115 0.174128 0.712931 12 24
DHV12_4m3zA1_ali_4m3yA1_af2 0.962008 0.080062 0.069842  0.267943 0.083092 0.184852 0.689891 12 24
DHV12_4m3zA1_ali_4m45A1_af2 0.980448 0.314194 0.193043  1.418008 0.169214 1.248794 0.880668 12 24
DHV12_4m45A1_ali_4fj7A1_af2 0.982945 0.378161 0.220540  1.646621 0.255309 1.391312 0.844950 12 24
DHV12_4m45A1_ali_4fj9A1_af2 0.982237 0.392609 0.235218  1.649424 0.262246 1.387178 0.841007 12 24
DHV12_4m45A1_ali_4fjjA1_af2 0.981307 0.358117 0.216668  1.512563 0.252523 1.260039 0.833049 12 24
DHV12_4m45A1_ali_4fjlA1_af2 0.925618 0.124616 0.066319  1.116789 0.147742 0.969047 0.867708 12 24
DHV12_4m45A1_ali_4fjnA2_af2 0.970476 0.183796 0.084736  8.025840 0.797317 7.228522 0.900656 12 24
DHV12_4m45A1_ali_4fk2A1_af2 0.983593 0.420883 0.273912  1.722247 0.264531 1.457716 0.846404 12 24
DHV12_4m45A1_ali_4fk4A1_af2 0.983771 0.288915 0.168865  1.496872 0.219528 1.277344 0.853342 12 24
DHV12_4m45A1_ali_4m3tA1_af2 0.988589 0.364763 0.237157  1.631737 0.268316 1.363421 0.835564 12 24
DHV12_4m45A1_ali_4m3yA1_af2 0.989392 0.283990 0.152157  1.295815 0.185837 1.109978 0.856587 12 24
DHV12_4m45A1_ali_4m3zA1_af2 0.989650 0.314194 0.193043  1.425406 0.229101 1.196305 0.839273 12 24
DHV13_2pa5A1_ali_4ge2A1_af2 0.888118 0.164897 0.134451  0.232176 0.111484 0.120693 0.519833 12 22
DHV13_2pa5A1_ali_4ge6B1_af2 0.973517 0.612345 0.129073  0.422891 0.098130 0.324760 0.767953 12 22
DHV13_2pa5A1_ali_4iczA2_af2 0.955751 0.575739 0.300165  3.151894 0.380822 2.771072 0.879177 12 22
DHV13_4ge2A1_ali_2pa5A1_af2 0.890115 0.164897 0.134451  0.225482 0.111019 0.114463 0.507637 12 22
DHV13_4ge2A1_ali_4ge6B1_af2 0.968719 0.641181 0.219625  0.604194 0.152350 0.451844 0.747846 12 22
DHV13_4ge2A1_ali_4iczA2_af2 0.958382 0.547937 0.240643  3.239071 0.357693 2.881378 0.889569 12 22
DHV13_4ge6B1_ali_2pa5A1_af2 0.973775 0.612345 0.129073  0.420483 0.098063 0.322420 0.766785 12 22
DHV13_4ge6B1_ali_4ge2A1_af2 0.967629 0.641181 0.219625  0.607268 0.152190 0.455078 0.749386 12 22
DHV13_4ge6B1_ali_4iczA2_af2 0.949560 0.472325 0.362091  3.066439 0.386548 2.679891 0.873942 12 22
DHV13_4iczA2_ali_2pa5A1_af2 0.950567 0.575739 0.300165  3.137553 0.629289 2.508264 0.799433 12 22
DHV13_4iczA2_ali_4ge2A1_af2 0.954241 0.547937 0.240643  3.241268 0.611748 2.629520 0.811263 12 22
DHV13_4iczA2_ali_4ge6B1_af2 0.947060 0.472325 0.362091  3.053990 0.611993 2.441997 0.799609 12 22
DHV14_4jhxA1_ali_4kwtC2_af2 0.774848 1.023589 0.136719  2.756269 0.239303 2.516966 0.913179 12 23
DHV14_4kwtC2_ali_4jhxA1_af2 0.835648 1.023589 0.136719  2.755461 0.266352 2.489109 0.903337 12 23
DHV15_3agnA1_ali_3agoA2_af2 0.888070 0.265100 0.120642  7.033844 0.616725 6.417119 0.912320 12 22
DHV15_3agnA1_ali_3ahwA3_af2 0.934017 0.740825 0.426908  5.964706 0.497525 5.467181 0.916588 12 22
DHV15_3agoA2_ali_3agnA1_af2 0.827062 0.265100 0.120642  7.035698 1.460479 5.575219 0.792419 12 22
DHV15_3agoA2_ali_3ahwA3_af2 0.843463 0.838803 0.336767  4.341334 0.339945 4.001389 0.921696 12 22
DHV15_3ahwA3_ali_3agnA1_af2 0.872636 0.740825 0.426908  5.954927 0.501073 5.453854 0.915856 12 22
DHV15_3ahwA3_ali_3agoA2_af2 0.796300 0.838803 0.336767  4.341083 0.334350 4.006733 0.922980 12 22
DHV16_1a4uB1_ali_1b16B2_af2 0.740098 0.219767 0.148952  2.442609 0.192241 2.250368 0.921297 13 25
DHV16_1a4uB1_ali_1b2lA3_af2 0.854230 0.408410 0.128241  1.828206 0.632824 1.195381 0.653855 13 25
DHV16_1a4uB1_ali_1sbyB2_af2 0.731838 0.163138 0.088787  2.400165 0.222526 2.177639 0.907287 13 25
DHV16_1b16B2_ali_1a4uB1_af2 0.766836 0.219767 0.148952  2.430515 0.622815 1.807700 0.743752 13 25
DHV16_1b16B2_ali_1b2lA3_af2 0.937396 0.307232 0.066849  3.282340 0.318660 2.963680 0.902917 13 25
DHV16_1b16B2_ali_1sbyB2_af2 0.943425 0.163615 0.078780  0.470879 0.165095 0.305784 0.649390 13 25
DHV16_1b2lA3_ali_1a4uB1_af2 0.836614 0.408410 0.128241  1.826053 0.705110 1.120943 0.613861 13 25
DHV16_1b2lA3_ali_1b16B2_af2 0.891492 0.307232 0.066849  3.294059 0.162359 3.131700 0.950711 13 25
DHV16_1b2lA3_ali_1sbyB2_af2 0.899108 0.332750 0.056467  3.198208 0.169319 3.028889 0.947058 13 25
DHV16_1sbyB2_ali_1a4uB1_af2 0.758804 0.163138 0.088787  2.384028 0.561267 1.822761 0.764572 13 25
DHV16_1sbyB2_ali_1b16B2_af2 0.927993 0.163615 0.078780  0.470060 0.184308 0.285752 0.607906 13 25
DHV16_1sbyB2_ali_1b2lA3_af2 0.933947 0.332750 0.056467  3.179338 0.210350 2.968987 0.933838 13 25
DHV17_3hszA1_ali_3ht0A2_af2 0.960234 0.329077 0.223442 10.631719 0.647430 9.984288 0.939104 13 25
DHV17_3ht0A2_ali_3hszA1_af2 0.969144 0.329077 0.223442 10.679122 0.745248 9.933874 0.930215 13 25
DHV18_3m7wD1_ali_3oexB1_af2 0.951305 0.424615 0.110734  0.357081 0.102261 0.254820 0.713620 13 25
DHV18_3m7wD1_ali_4gfsA1_af2 0.937119 0.329237 0.120644  0.453795 0.159576 0.294219 0.648352 13 25
DHV18_3m7wD1_ali_4guiB2_af2 0.939928 0.678469 0.141740  3.713618 0.524203 3.189415 0.858843 13 25
DHV18_3m7wD1_ali_4gujB2_af2 0.943377 0.682733 0.161615  3.816149 0.529262 3.286888 0.861310 13 25
DHV18_3oexB1_ali_3m7wD1_af2 0.947385 0.424615 0.110734  0.353655 0.113904 0.239752 0.677924 13 25
DHV18_3oexB1_ali_4gfsA1_af2 0.853868 0.342512 0.125755  0.247228 0.131909 0.115319 0.466449 13 25
DHV18_3oexB1_ali_4guiB2_af2 0.942806 0.507319 0.131427  3.904013 0.185064 3.718949 0.952596 13 25
DHV18_3oexB1_ali_4gujB2_af2 0.945586 0.467579 0.102862  4.024699 0.219640 3.805059 0.945427 13 25
DHV18_4gfsA1_ali_3m7wD1_af2 0.926918 0.329237 0.120644  0.452851 0.169792 0.283059 0.625060 13 25
DHV18_4gfsA1_ali_3oexB1_af2 0.859207 0.342512 0.125755  0.246685 0.129907 0.116778 0.473389 13 25
DHV18_4gfsA1_ali_4guiB2_af2 0.942119 0.553654 0.167824  3.986016 0.239259 3.746756 0.939975 13 25
DHV18_4gfsA1_ali_4gujB2_af2 0.944473 0.545175 0.177241  4.106136 0.280472 3.825664 0.931694 13 25
DHV18_4guiB2_ali_3m7wD1_af2 0.928421 0.678469 0.141740  3.716592 0.486945 3.229647 0.868981 13 25
DHV18_4guiB2_ali_3oexB1_af2 0.936042 0.507319 0.131427  3.906608 0.336780 3.569829 0.913792 13 25
DHV18_4guiB2_ali_4gfsA1_af2 0.935968 0.553654 0.167824  3.987273 0.366832 3.620441 0.907999 13 25
DHV18_4guiB2_ali_4gujB2_af2 0.989048 0.138141 0.118128  0.530527 0.078095 0.452432 0.852797 13 25
DHV18_4gujB2_ali_3m7wD1_af2 0.933255 0.682733 0.161615  3.815716 0.336579 3.479137 0.911791 13 25
DHV18_4gujB2_ali_3oexB1_af2 0.940485 0.467579 0.102862  4.025963 0.244553 3.781410 0.939256 13 25
DHV18_4gujB2_ali_4gfsA1_af2 0.940240 0.545175 0.177241  4.105845 0.304166 3.801680 0.925919 13 25
DHV18_4gujB2_ali_4guiB2_af2 0.987875 0.138141 0.118128  0.541592 0.073635 0.467957 0.864039 13 25
DHV19_1dg3A1_ali_1f5nA2_af2 0.938077 0.808790 0.320023  5.268574 0.990702 4.277872 0.811960 13 26
DHV19_1f5nA2_ali_1dg3A1_af2 0.937840 0.808790 0.320023  5.282005 0.985327 4.296678 0.813456 13 26
DHV20_3phgA1_ali_3phhA2_af2 0.899382 0.396831 0.096005  3.258847 0.692391 2.566457 0.787535 13 25
DHV20_3phhA2_ali_3phgA1_af2 0.835642 0.396831 0.096005  3.242858 0.173116 3.069742 0.946616 13 25
DHV21_3d05A1_ali_3d06A2_af2 0.831522 0.115927 0.067887  4.361491 0.281219 4.080272 0.935522 14 27
DHV21_3d06A2_ali_3d05A1_af2 0.870004 0.115927 0.067887  4.365375 0.198634 4.166741 0.954498 14 27
DHV22_3v0dB1_ali_3v0fA2_af2 0.908652 0.199602 0.098143  6.684577 0.659021 6.025555 0.901412 14 28
DHV22_3v0dB1_ali_3v0gB1_af2 0.838383 0.241526 0.182649  1.051649 0.357690 0.693960 0.659878 14 28
DHV22_3v0dB1_ali_3v0hB3_af2 0.942558 0.426675 0.253303  8.900023 0.661202 8.238822 0.925708 14 28
DHV22_3v0fA2_ali_3v0dB1_af2 0.923572 0.199602 0.098143  6.680793 0.699369 5.981424 0.895317 14 28
DHV22_3v0fA2_ali_3v0gB1_af2 0.904152 0.335120 0.233891  7.096502 0.697597 6.398905 0.901698 14 28
DHV22_3v0fA2_ali_3v0hB3_af2 0.957183 0.417482 0.283511  8.865504 1.137851 7.727654 0.871654 14 28
DHV22_3v0gB1_ali_3v0dB1_af2 0.852619 0.241526 0.182649  1.051523 0.371491 0.680032 0.646711 14 28
DHV22_3v0gB1_ali_3v0fA2_af2 0.893193 0.335120 0.233891  7.095607 0.883133 6.212474 0.875538 14 28
DHV22_3v0gB1_ali_3v0hB3_af2 0.932369 0.295790 0.125024  8.698244 0.737080 7.961164 0.915261 14 28
DHV22_3v0hB3_ali_3v0dB1_af2 0.938932 0.426675 0.253303  8.893203 0.914738 7.978465 0.897142 14 28
DHV22_3v0hB3_ali_3v0fA2_af2 0.959394 0.417482 0.283511  8.866715 0.605357 8.261358 0.931727 14 28
DHV22_3v0hB3_ali_3v0gB1_af2 0.934979 0.295790 0.125024  8.698774 0.772183 7.926591 0.911231 14 28
DHV23_4mxrB1_ali_4myfA2_af2 0.979787 0.255235 0.099261  2.946256 0.229056 2.717200 0.922255 14 27
DHV23_4mxrB1_ali_4mykA2_af2 0.977383 0.250659 0.134296  2.775231 0.229406 2.545825 0.917338 14 27
DHV23_4mxrB1_ali_4mylA2_af2 0.979056 0.294748 0.097661  2.839002 0.224948 2.614054 0.920765 14 27
DHV23_4myfA2_ali_4mxrB1_af2 0.979346 0.255235 0.099261  2.922910 0.316484 2.606426 0.891723 14 27
DHV23_4myfA2_ali_4mykA2_af2 0.945486 0.094556 0.081281  0.229432 0.079879 0.149553 0.651839 14 27
DHV23_4myfA2_ali_4mylA2_af2 0.962465 0.110720 0.039390  0.229541 0.059754 0.169787 0.739681 14 27
DHV23_4mykA2_ali_4mxrB1_af2 0.979939 0.250659 0.134296  2.747241 0.257260 2.489982 0.906357 14 27
DHV23_4mykA2_ali_4myfA2_af2 0.956000 0.094556 0.081281  0.226204 0.077742 0.148462 0.656320 14 27
DHV23_4mykA2_ali_4mylA2_af2 0.951361 0.139497 0.078426  0.280492 0.091730 0.188762 0.672968 14 27
DHV23_4mylA2_ali_4mxrB1_af2 0.981243 0.294748 0.097661  2.826713 0.283469 2.543244 0.899718 14 27
DHV23_4mylA2_ali_4myfA2_af2 0.970705 0.110720 0.039390  0.227747 0.061031 0.166715 0.732021 14 27
DHV23_4mylA2_ali_4mykA2_af2 0.944044 0.139497 0.078426  0.281291 0.098442 0.182849 0.650035 14 27
DHV24_2ce2X1_ali_2cl0X2_af2 0.593889 0.497869 0.268784  1.598662 0.646244 0.952418 0.595760 14 27
DHV24_2ce2X1_ali_2cl6X3_af2 0.852608 0.874287 0.540809  2.411093 1.017456 1.393637 0.578010 14 27
DHV24_2ce2X1_ali_2cl7X4_af2 0.821665 0.862228 0.408812  2.010166 0.908966 1.101200 0.547816 14 27
DHV24_2ce2X1_ali_2clcX4_af2 0.786578 0.848457 0.414152  1.882635 0.405686 1.476949 0.784512 14 27
DHV24_2ce2X1_ali_2evwX4_af2 0.730350 0.863699 0.377833  1.751718 0.565048 1.186670 0.677432 14 27
DHV24_2cl0X2_ali_2ce2X1_af2 0.613398 0.497869 0.268784  1.595490 0.332730 1.262760 0.791456 14 27
DHV24_2cl0X2_ali_2cl6X3_af2 0.863679 0.544964 0.347525  2.474438 0.584436 1.890002 0.763811 14 27
DHV24_2cl0X2_ali_2cl7X4_af2 0.956856 0.591132 0.241538  1.808757 0.302742 1.506015 0.832624 14 27
DHV24_2cl0X2_ali_2clcX4_af2 0.961990 0.576183 0.265099  1.593727 0.275520 1.318208 0.827122 14 27
DHV24_2cl0X2_ali_2evwX4_af2 0.940423 0.560934 0.220152  1.324743 0.280653 1.044090 0.788145 14 27
DHV24_2cl6X3_ali_2ce2X1_af2 0.834223 0.874287 0.540809  2.405079 0.661256 1.743823 0.725059 14 27
DHV24_2cl6X3_ali_2cl0X2_af2 0.926424 0.544964 0.347525  2.475529 0.291290 2.184239 0.882332 14 27
DHV24_2cl6X3_ali_2cl7X4_af2 0.901605 0.328682 0.260473  2.110257 0.306443 1.803814 0.854784 14 27
DHV24_2cl6X3_ali_2clcX4_af2 0.915315 0.341435 0.269923  2.151752 0.270659 1.881094 0.874215 14 27
DHV24_2cl6X3_ali_2evwX4_af2 0.889683 0.396526 0.327482  2.083376 0.305297 1.778079 0.853461 14 27
DHV24_2cl7X4_ali_2ce2X1_af2 0.802398 0.862228 0.408812  2.011934 0.372550 1.639384 0.814830 14 27
DHV24_2cl7X4_ali_2cl0X2_af2 0.959516 0.591132 0.241538  1.802519 0.260385 1.542134 0.855544 14 27
DHV24_2cl7X4_ali_2cl6X3_af2 0.851526 0.328682 0.260473  2.101207 0.307085 1.794122 0.853853 14 27
DHV24_2cl7X4_ali_2clcX4_af2 0.926690 0.116771 0.062218  0.397253 0.134186 0.263067 0.662214 14 27
DHV24_2cl7X4_ali_2evwX4_af2 0.953551 0.270299 0.235072  0.905146 0.231103 0.674043 0.744679 14 27
DHV24_2clcX4_ali_2ce2X1_af2 0.760184 0.848457 0.414152  1.882604 0.362040 1.520563 0.807692 14 27
DHV24_2clcX4_ali_2cl0X2_af2 0.957969 0.576183 0.265099  1.594187 0.232487 1.361700 0.854166 14 27
DHV24_2clcX4_ali_2cl6X3_af2 0.866220 0.341435 0.269923  2.150605 0.295118 1.855487 0.862774 14 27
DHV24_2clcX4_ali_2cl7X4_af2 0.928198 0.116771 0.062218  0.398698 0.145162 0.253536 0.635910 14 27
DHV24_2clcX4_ali_2evwX4_af2 0.960161 0.317346 0.262290  0.679877 0.187027 0.492850 0.724911 14 27
DHV24_2evwX4_ali_2ce2X1_af2 0.721907 0.863699 0.377833  1.751320 0.449475 1.301846 0.743351 14 27
DHV24_2evwX4_ali_2cl0X2_af2 0.938410 0.560934 0.220152  1.321846 0.209143 1.112703 0.841780 14 27
DHV24_2evwX4_ali_2cl6X3_af2 0.795588 0.396526 0.327482  2.072659 0.313717 1.758942 0.848640 14 27
DHV24_2evwX4_ali_2cl7X4_af2 0.967628 0.270299 0.235072  0.897011 0.184056 0.712955 0.794812 14 27
DHV24_2evwX4_ali_2clcX4_af2 0.963898 0.317346 0.262290  0.672394 0.167736 0.504657 0.750538 14 27
DHV25_1gqyB1_ali_1p31B2_af2 0.949431 0.608194 0.220274 10.366976 0.823054 9.543922 0.920608 14 27
DHV25_1gqyB1_ali_1p3dA2_af2 0.949394 0.559743 0.207276 10.273890 1.367688 8.906202 0.866877 14 27
DHV25_1p31B2_ali_1gqyB1_af2 0.929518 0.608194 0.220274 10.370522 0.527133 9.843389 0.949170 14 27
DHV25_1p31B2_ali_1p3dA2_af2 0.964642 0.197276 0.040620  0.173100 0.049432 0.123668 0.714433 14 27
DHV25_1p3dA2_ali_1gqyB1_af2 0.929682 0.559743 0.207276 10.279330 0.476785 9.802546 0.953617 14 27
DHV25_1p3dA2_ali_1p31B2_af2 0.965267 0.197276 0.040620  0.173537 0.050254 0.123283 0.710411 14 27
DHV26_2rbtX1_ali_2rbuX2_af2 0.919870 0.115277 0.081330  5.267723 0.298895 4.968828 0.943259 15 29
DHV26_2rbtX1_ali_2rbvX1_af2 0.941180 0.048530 0.032653  0.093722 0.038238 0.055484 0.592007 15 29
DHV26_2rbtX1_ali_2rbwX3_af2 0.840632 0.205755 0.151774  3.537133 0.535694 3.001440 0.848551 15 29
DHV26_2rbtX1_ali_2rbxX1_af2 0.938302 0.077646 0.058414  0.249854 0.094152 0.155702 0.623171 15 29
DHV26_2rbtX1_ali_2rbyX1_af2 0.922805 0.096276 0.066188  0.121819 0.050017 0.071802 0.589417 15 29
DHV26_2rbtX1_ali_2rbzX1_af2 0.967792 0.139316 0.030368  0.240215 0.064104 0.176111 0.733141 15 29
DHV26_2rbtX1_ali_2rc0X1_af2 0.963856 0.106039 0.067584  0.221318 0.062894 0.158424 0.715820 15 29
DHV26_2rbtX1_ali_2rc2X3_af2 0.840095 0.124240 0.053890  3.553626 0.516748 3.036877 0.854586 15 29
DHV26_2rbuX2_ali_2rbtX1_af2 0.913628 0.115277 0.081330  5.273575 0.402378 4.871198 0.923699 15 29
DHV26_2rbuX2_ali_2rbvX1_af2 0.915332 0.130104 0.102536  5.246870 0.394536 4.852334 0.924805 15 29
DHV26_2rbuX2_ali_2rbwX3_af2 0.927666 0.174991 0.090153  2.578141 0.294306 2.283835 0.885846 15 29
DHV26_2rbuX2_ali_2rbxX1_af2 0.909027 0.131593 0.049389  5.351685 0.455688 4.895997 0.914852 15 29
DHV26_2rbuX2_ali_2rbyX1_af2 0.910836 0.114173 0.057082  5.303845 0.405086 4.898759 0.923624 15 29
DHV26_2rbuX2_ali_2rbzX1_af2 0.911044 0.173897 0.072839  5.371755 0.434948 4.936807 0.919031 15 29
DHV26_2rbuX2_ali_2rc0X1_af2 0.908573 0.146231 0.055177  5.365721 0.419627 4.946094 0.921795 15 29
DHV26_2rbuX2_ali_2rc2X3_af2 0.930554 0.132506 0.075961  2.546812 0.307756 2.239055 0.879160 15 29
DHV26_2rbvX1_ali_2rbtX1_af2 0.937925 0.048530 0.032653  0.093367 0.037464 0.055903 0.598744 15 29
DHV26_2rbvX1_ali_2rbuX2_af2 0.920754 0.130104 0.102536  5.242270 0.301911 4.940359 0.942408 15 29
DHV26_2rbvX1_ali_2rbwX3_af2 0.839691 0.212301 0.175802  3.520547 0.527541 2.993005 0.850154 15 29
DHV26_2rbvX1_ali_2rbxX1_af2 0.959164 0.110486 0.079592  0.320322 0.097977 0.222345 0.694130 15 29
DHV26_2rbvX1_ali_2rbyX1_af2 0.963798 0.105742 0.085130  0.193682 0.052847 0.140835 0.727147 15 29
DHV26_2rbvX1_ali_2rbzX1_af2 0.976981 0.140394 0.044143  0.313710 0.068772 0.244938 0.780779 15 29
DHV26_2rbvX1_ali_2rc0X1_af2 0.979803 0.119854 0.089711  0.293205 0.061659 0.231546 0.789707 15 29
DHV26_2rbvX1_ali_2rc2X3_af2 0.839087 0.107230 0.059625  3.536548 0.508565 3.027983 0.856197 15 29
DHV26_2rbwX3_ali_2rbtX1_af2 0.845389 0.205755 0.151774  3.536870 0.422810 3.114060 0.880456 15 29
DHV26_2rbwX3_ali_2rbuX2_af2 0.942114 0.174991 0.090153  2.574624 0.317781 2.256843 0.876572 15 29
DHV26_2rbwX3_ali_2rbvX1_af2 0.841313 0.212301 0.175802  3.519970 0.426729 3.093241 0.878769 15 29
DHV26_2rbwX3_ali_2rbxX1_af2 0.844540 0.198022 0.105473  3.670212 0.437478 3.232734 0.880803 15 29
DHV26_2rbwX3_ali_2rbyX1_af2 0.845017 0.160451 0.102024  3.579507 0.419612 3.159894 0.882774 15 29
DHV26_2rbwX3_ali_2rbzX1_af2 0.850846 0.227527 0.145158  3.664400 0.424542 3.239857 0.884144 15 29
DHV26_2rbwX3_ali_2rc0X1_af2 0.846817 0.157470 0.094350  3.651822 0.437766 3.214056 0.880124 15 29
DHV26_2rbwX3_ali_2rc2X3_af2 0.901401 0.142380 0.129755  0.111047 0.054917 0.056131 0.505466 15 29
DHV26_2rbxX1_ali_2rbtX1_af2 0.927593 0.077646 0.058414  0.245690 0.092846 0.152844 0.622102 15 29
DHV26_2rbxX1_ali_2rbuX2_af2 0.920108 0.131593 0.049389  5.347684 0.332021 5.015664 0.937913 15 29
DHV26_2rbxX1_ali_2rbvX1_af2 0.945773 0.110486 0.079592  0.316793 0.099268 0.217526 0.686648 15 29
DHV26_2rbxX1_ali_2rbwX3_af2 0.840800 0.198022 0.105473  3.670275 0.531535 3.138740 0.855178 15 29
DHV26_2rbxX1_ali_2rbyX1_af2 0.912304 0.091549 0.035337  0.192359 0.082819 0.109540 0.569455 15 29
DHV26_2rbxX1_ali_2rbzX1_af2 0.863813 0.140647 0.047596  0.104420 0.057274 0.047146 0.451502 15 29
DHV26_2rbxX1_ali_2rc0X1_af2 0.892294 0.088210 0.035617  0.126113 0.061885 0.064228 0.509288 15 29
DHV26_2rbxX1_ali_2rc2X3_af2 0.840398 0.158989 0.049230  3.687045 0.516707 3.170338 0.859859 15 29
DHV26_2rbyX1_ali_2rbtX1_af2 0.917556 0.096276 0.066188  0.117433 0.049342 0.068090 0.579823 15 29
DHV26_2rbyX1_ali_2rbuX2_af2 0.918146 0.114173 0.057082  5.300412 0.324294 4.976118 0.938817 15 29
DHV26_2rbyX1_ali_2rbvX1_af2 0.958585 0.105742 0.085130  0.190596 0.052876 0.137720 0.722575 15 29
DHV26_2rbyX1_ali_2rbwX3_af2 0.834150 0.160451 0.102024  3.579990 0.539985 3.040005 0.849166 15 29
DHV26_2rbyX1_ali_2rbxX1_af2 0.912188 0.091549 0.035337  0.190555 0.086430 0.104125 0.546430 15 29
DHV26_2rbyX1_ali_2rbzX1_af2 0.964773 0.092666 0.056799  0.194471 0.054666 0.139805 0.718900 15 29
DHV26_2rbyX1_ali_2rc0X1_af2 0.921921 0.059336 0.039509  0.155750 0.066610 0.089140 0.572327 15 29
DHV26_2rbyX1_ali_2rc2X3_af2 0.833635 0.104860 0.044733  3.596492 0.524974 3.071519 0.854032 15 29
DHV26_2rbzX1_ali_2rbtX1_af2 0.964409 0.139316 0.030368  0.237483 0.063689 0.173794 0.731818 15 29
DHV26_2rbzX1_ali_2rbuX2_af2 0.921061 0.173897 0.072839  5.367476 0.331397 5.036079 0.938258 15 29
DHV26_2rbzX1_ali_2rbvX1_af2 0.973534 0.140394 0.044143  0.315084 0.070246 0.244839 0.777058 15 29
DHV26_2rbzX1_ali_2rbwX3_af2 0.842807 0.227527 0.145158  3.664946 0.530616 3.134330 0.855219 15 29
DHV26_2rbzX1_ali_2rbxX1_af2 0.868143 0.140647 0.047596  0.104473 0.057657 0.046816 0.448116 15 29
DHV26_2rbzX1_ali_2rbyX1_af2 0.966120 0.092666 0.056799  0.194315 0.053782 0.140533 0.723224 15 29
DHV26_2rbzX1_ali_2rc0X1_af2 0.960335 0.102338 0.063938  0.137315 0.043443 0.093872 0.683624 15 29
DHV26_2rbzX1_ali_2rc2X3_af2 0.842366 0.158484 0.050668  3.681154 0.519463 3.161690 0.858886 15 29
DHV26_2rc0X1_ali_2rbtX1_af2 0.961033 0.106039 0.067584  0.219484 0.061786 0.157698 0.718495 15 29
DHV26_2rc0X1_ali_2rbuX2_af2 0.917592 0.146231 0.055177  5.361804 0.314189 5.047615 0.941402 15 29
DHV26_2rc0X1_ali_2rbvX1_af2 0.976587 0.119854 0.089711  0.291976 0.059914 0.232062 0.794798 15 29
DHV26_2rc0X1_ali_2rbwX3_af2 0.840231 0.157470 0.094350  3.654476 0.546116 3.108359 0.850562 15 29
DHV26_2rc0X1_ali_2rbxX1_af2 0.897328 0.088210 0.035617  0.127559 0.061789 0.065770 0.515607 15 29
DHV26_2rc0X1_ali_2rbyX1_af2 0.920037 0.059336 0.039509  0.153943 0.065575 0.088368 0.574031 15 29
DHV26_2rc0X1_ali_2rbzX1_af2 0.955238 0.102338 0.063938  0.146813 0.043962 0.102851 0.700560 15 29
DHV26_2rc0X1_ali_2rc2X3_af2 0.839720 0.122096 0.053080  3.672353 0.523723 3.148629 0.857388 15 29
DHV26_2rc2X3_ali_2rbtX1_af2 0.847672 0.124240 0.053890  3.551384 0.432493 3.118891 0.878218 15 29
DHV26_2rc2X3_ali_2rbuX2_af2 0.941030 0.132506 0.075961  2.542968 0.310329 2.232639 0.877966 15 29
DHV26_2rc2X3_ali_2rbvX1_af2 0.843884 0.107230 0.059625  3.534051 0.435613 3.098438 0.876738 15 29
DHV26_2rc2X3_ali_2rbwX3_af2 0.895991 0.142380 0.129755  0.111739 0.051860 0.059879 0.535882 15 29
DHV26_2rc2X3_ali_2rbxX1_af2 0.846596 0.158989 0.049230  3.684462 0.436172 3.248290 0.881618 15 29
DHV26_2rc2X3_ali_2rbyX1_af2 0.847260 0.104860 0.044733  3.593938 0.425030 3.168908 0.881737 15 29
DHV26_2rc2X3_ali_2rbzX1_af2 0.852771 0.158484 0.050668  3.678449 0.427829 3.250620 0.883693 15 29
DHV26_2rc2X3_ali_2rc0X1_af2 0.848830 0.122096 0.053080  3.667140 0.440055 3.227085 0.880000 15 29
DHV27_5ktaA1_ali_5ktcA2_af2 0.933661 0.636259 0.292488  7.327854 0.265251 7.062603 0.963802 15 30
DHV27_5ktaA1_ali_5ktdA2_af2 0.933042 0.602834 0.261757  7.301652 0.262513 7.039139 0.964047 15 30
DHV27_5ktcA2_ali_5ktaA1_af2 0.942313 0.636259 0.292488  7.316352 0.675454 6.640899 0.907679 15 30
DHV27_5ktcA2_ali_5ktdA2_af2 0.920861 0.092975 0.061497  0.087847 0.042432 0.045415 0.516976 15 30
DHV27_5ktdA2_ali_5ktaA1_af2 0.940555 0.602834 0.261757  7.290741 0.561627 6.729114 0.922967 15 30
DHV27_5ktdA2_ali_5ktcA2_af2 0.919478 0.092975 0.061497  0.085019 0.043613 0.041406 0.487022 15 30
DHV28_2yjdB2_ali_3omqA2_af2 0.945374 0.491929 0.120756  2.365342 0.251869 2.113474 0.893517 15 26
DHV28_3omqA2_ali_2yjdB2_af2 0.920017 0.491929 0.120756  2.348251 0.300806 2.047446 0.871902 15 26
DHV29_3illA1_ali_3iloA2_af2 0.904732 0.574008 0.174616  4.981450 0.760072 4.221378 0.847420 15 29
DHV29_3iloA2_ali_3illA1_af2 0.890642 0.574008 0.174616  4.992419 0.755957 4.236463 0.848579 15 29
DHV30_2xguA1_ali_2xgyA2_af2 0.978713 0.658150 0.105414  7.140575 0.453867 6.686708 0.936438 15 24
DHV30_2xgyA2_ali_2xguA1_af2 0.979133 0.658150 0.105414  7.150121 0.602809 6.547312 0.915693 15 24
#-------------------------------------------------------------------------------------------
#Avg(392):                  0.915498 0.312535 0.150464  2.465427 0.309816 2.155611 0.790856 13 25
#Sig(392):                  0.060970 0.229308 0.102918  2.451335 0.253219 2.260066 0.126229  2  3
#Med(392):                  0.931727 0.230743 0.120700  1.736784 0.235170 1.362560 0.834491 12 24
