# Morphing                 Delta0    RmsdA    RmsdI    RmsdF    RmsdD   Motion N_res N_dh
#-----------------------------------------------------------------------------------
DHV01_3iu1B1_ali_3iu2A2_ct1 0.882949 0.217859  3.554660 0.291259  3.263401 0.918063  9 17
DHV01_3iu1B1_ali_3iweA2_ct1 0.892463 0.190143  3.699322 0.456776  3.242546 0.876524  9 17
DHV01_3iu1B1_ali_3jtkA2_ct1 0.898643 0.311091  3.730099 0.326549  3.403550 0.912456  9 17
DHV01_3iu2A2_ali_3iu1B1_ct1 0.899458 0.217859  3.554663 0.389498  3.165165 0.890426  9 17
DHV01_3iu2A2_ali_3iweA2_ct1 0.874201 0.145436  0.380906 0.192850  0.188056 0.493707  9 17
DHV01_3iu2A2_ali_3jtkA2_ct1 0.918066 0.160548  0.479628 0.195104  0.284524 0.593219  9 17
DHV01_3iweA2_ali_3iu1B1_ct1 0.890167 0.190143  3.703127 0.649815  3.053312 0.824523  9 17
DHV01_3iweA2_ali_3iu2A2_ct1 0.845029 0.145436  0.383834 0.247526  0.136308 0.355121  9 17
DHV01_3iweA2_ali_3jtkA2_ct1 0.910842 0.180270  0.298407 0.138751  0.159656 0.535027  9 17
DHV01_3jtkA2_ali_3iu1B1_ct1 0.896812 0.311091  3.733069 0.466163  3.266906 0.875126  9 17
DHV01_3jtkA2_ali_3iu2A2_ct1 0.814937 0.160548  0.481781 0.314262  0.167520 0.347709  9 17
DHV01_3jtkA2_ali_3iweA2_ct1 0.928487 0.180270  0.294575 0.105835  0.188740 0.640721  9 17
DHV02_4hidA1_ali_4hikA1_ct1 0.956017 0.474583  0.835801 0.219671  0.616130 0.737173  9 18
DHV02_4hidA1_ali_4himA1_ct1 0.935254 0.363898  0.773706 0.224098  0.549608 0.710357  9 18
DHV02_4hidA1_ali_4hioA1_ct1 0.827540 0.183364  0.205610 0.124791  0.080819 0.393071  9 18
DHV02_4hidA1_ali_4hj7A2_ct1 0.786949 0.514309  2.352074 0.688650  1.663424 0.707216  9 18
DHV02_4hidA1_ali_4hj9A1_ct1 0.937324 0.419162  0.787045 0.273133  0.513912 0.652964  9 18
DHV02_4hikA1_ali_4hidA1_ct1 0.933765 0.474583  0.837179 0.425703  0.411476 0.491503  9 18
DHV02_4hikA1_ali_4himA1_ct1 0.803885 0.189811  0.140122 0.089649  0.050473 0.360207  9 18
DHV02_4hikA1_ali_4hioA1_ct1 0.951803 0.431071  0.758052 0.359094  0.398958 0.526294  9 18
DHV02_4hikA1_ali_4hj7A2_ct1 0.804630 0.509697  2.459435 0.519437  1.939998 0.788798  9 18
DHV02_4hikA1_ali_4hj9A1_ct1 0.805709 0.195454  0.160500 0.098994  0.061506 0.383214  9 18
DHV02_4himA1_ali_4hidA1_ct1 0.929961 0.363898  0.773804 0.377918  0.395886 0.511611  9 18
DHV02_4himA1_ali_4hikA1_ct1 0.776112 0.189811  0.140773 0.094597  0.046176 0.328016  9 18
DHV02_4himA1_ali_4hioA1_ct1 0.946330 0.307251  0.684458 0.294230  0.390228 0.570127  9 18
DHV02_4himA1_ali_4hj7A2_ct1 0.802614 0.474442  2.495152 0.560436  1.934716 0.775390  9 18
DHV02_4himA1_ali_4hj9A1_ct1 0.707084 0.142010  0.146972 0.109863  0.037109 0.252489  9 18
DHV02_4hioA1_ali_4hidA1_ct1 0.787738 0.183364  0.207467 0.135042  0.072426 0.349094  9 18
DHV02_4hioA1_ali_4hikA1_ct1 0.956500 0.431071  0.755338 0.247295  0.508044 0.672604  9 18
DHV02_4hioA1_ali_4himA1_ct1 0.944093 0.307251  0.682507 0.227691  0.454816 0.666390  9 18
DHV02_4hioA1_ali_4hj7A2_ct1 0.789251 0.475998  2.427798 0.714722  1.713076 0.705609  9 18
DHV02_4hioA1_ali_4hj9A1_ct1 0.934869 0.357202  0.709653 0.296145  0.413508 0.582691  9 18
DHV02_4hj7A2_ali_4hidA1_ct1 0.728469 0.514309  2.357358 0.485628  1.871731 0.793995  9 18
DHV02_4hj7A2_ali_4hikA1_ct1 0.755293 0.509697  2.461445 0.474809  1.986636 0.807101  9 18
DHV02_4hj7A2_ali_4himA1_ct1 0.753070 0.474442  2.497069 0.510597  1.986472 0.795521  9 18
DHV02_4hj7A2_ali_4hioA1_ct1 0.751920 0.475998  2.428327 0.546952  1.881375 0.774762  9 18
DHV02_4hj7A2_ali_4hj9A1_ct1 0.759540 0.397840  2.433578 0.459679  1.973899 0.811110  9 18
DHV02_4hj9A1_ali_4hidA1_ct1 0.917413 0.419162  0.787408 0.434420  0.352987 0.448291  9 18
DHV02_4hj9A1_ali_4hikA1_ct1 0.821368 0.195454  0.161772 0.096585  0.065187 0.402955  9 18
DHV02_4hj9A1_ali_4himA1_ct1 0.718308 0.142010  0.145655 0.106208  0.039447 0.270823  9 18
DHV02_4hj9A1_ali_4hioA1_ct1 0.928533 0.357202  0.711371 0.369237  0.342134 0.480950  9 18
DHV02_4hj9A1_ali_4hj7A2_ct1 0.804891 0.397840  2.438670 0.520843  1.917827 0.786423  9 18
DHV03_4kfrB1_ali_4kfuA2_ct1 0.897524 1.099412  4.737154 0.420429  4.316725 0.911248  9 18
DHV03_4kfuA2_ali_4kfrB1_ct1 0.878924 1.099412  4.729840 1.121228  3.608611 0.762946  9 18
DHV04_3waeA1_ali_3wafB2_ct1 0.878479 0.546891  3.280174 1.137323  2.142850 0.653273  9 17
DHV04_3wafB2_ali_3waeA1_ct1 0.893198 0.546891  3.271620 1.031582  2.240038 0.684688  9 17
DHV05_3mp6A1_ali_3mp8A2_ct1 0.908390 0.858539  5.586559 2.773404  2.813154 0.503558  9 16
DHV05_3mp8A2_ali_3mp6A1_ct1 0.899937 0.858539  5.587294 2.100726  3.486568 0.624017  9 16
DHV06_1xbbA1_ali_4fyoA2_ct1 0.928952 1.559045  3.175846 1.030308  2.145538 0.675580 10 20
DHV06_1xbbA1_ali_4i0sA2_ct1 0.938488 1.890873  3.821556 1.249979  2.571577 0.672914 10 20
DHV06_1xbbA1_ali_4i0tA2_ct1 0.782605 1.776834  2.510206 1.264690  1.245517 0.496181 10 20
DHV06_4fyoA2_ali_1xbbA1_ct1 0.846243 1.559045  3.178894 0.620372  2.558522 0.804847 10 20
DHV06_4fyoA2_ali_4i0sA2_ct1 0.933374 0.436301  0.967713 0.440428  0.527285 0.544877 10 20
DHV06_4fyoA2_ali_4i0tA2_ct1 0.920158 1.133535  2.062218 0.914215  1.148003 0.556683 10 20
DHV06_4i0sA2_ali_1xbbA1_ct1 0.895344 1.890873  3.817373 1.128241  2.689131 0.704446 10 20
DHV06_4i0sA2_ali_4fyoA2_ct1 0.911394 0.436301  0.967231 0.242191  0.725040 0.749603 10 20
DHV06_4i0sA2_ali_4i0tA2_ct1 0.960068 1.340532  2.836431 0.910282  1.926149 0.679075 10 20
DHV06_4i0tA2_ali_1xbbA1_ct1 0.765976 1.776834  2.512703 2.187867  0.324836 0.129278 10 20
DHV06_4i0tA2_ali_4fyoA2_ct1 0.886468 1.133535  2.067333 1.315977  0.751356 0.363442 10 20
DHV06_4i0tA2_ali_4i0sA2_ct1 0.852068 1.340532  2.841250 1.135874  1.705376 0.600220 10 20
DHV07_3n4fA1_ali_3qpeD2_ct1 0.913281 0.575840  4.347012 0.445050  3.901962 0.897619 10 20
DHV07_3n4fA1_ali_3vccA2_ct1 0.914356 0.637548  4.344082 0.320236  4.023846 0.926282 10 20
DHV07_3qpeD2_ali_3n4fA1_ct1 0.917780 0.575840  4.351630 0.647838  3.703792 0.851128 10 20
DHV07_3qpeD2_ali_3vccA2_ct1 0.689299 0.152936  0.205316 0.152483  0.052833 0.257327 10 20
DHV07_3vccA2_ali_3n4fA1_ct1 0.919710 0.637548  4.341759 0.560416  3.781343 0.870924 10 20
DHV07_3vccA2_ali_3qpeD2_ct1 0.689708 0.152936  0.205207 0.150747  0.054460 0.265391 10 20
DHV08_2vovA1_ali_2voxA2_ct1 0.767783 0.921191  3.149309 2.220082  0.929226 0.295057 10 19
DHV08_2voxA2_ali_2vovA1_ct1 0.549845 0.921191  3.153183 1.951863  1.201319 0.380986 10 19
DHV09_2q9fA1_ali_3mdmA2_ct1 0.856201 1.515874  4.948121 1.610943  3.337178 0.674433 10 19
DHV09_3mdmA2_ali_2q9fA1_ct1 0.804519 1.515874  4.934773 1.568109  3.366665 0.682233 10 19
DHV10_3irsC1_ali_3k4wL2_ct1 0.921409 0.864249  4.570442 0.833993  3.736449 0.817525 10 20
DHV10_3k4wL2_ali_3irsC1_ct1 0.928458 0.864249  4.554835 0.740430  3.814405 0.837441 10 20
DHV11_3gnoA1_ali_3gnpA1_ct1 0.903761 0.225191  4.411884 0.197528  4.214356 0.955228 11 22
DHV11_3gnoA1_ali_3gnrA2_ct1 0.891047 0.111504  0.165100 0.076310  0.088790 0.537793 11 22
DHV11_3gnpA1_ali_3gnoA1_ct1 0.921563 0.225191  4.406758 0.391339  4.015419 0.911196 11 22
DHV11_3gnpA1_ali_3gnrA2_ct1 0.921803 0.248027  4.317915 0.411397  3.906518 0.904723 11 22
DHV11_3gnrA2_ali_3gnoA1_ct1 0.905354 0.111504  0.163936 0.074141  0.089795 0.547744 11 22
DHV11_3gnrA2_ali_3gnpA1_ct1 0.900035 0.248027  4.322259 0.257507  4.064753 0.940423 11 22
DHV12_4fj7A1_ali_4fj9A1_ct1 0.955787 0.063334  0.140882 0.049724  0.091159 0.647054 11 22
DHV12_4fj7A1_ali_4fjjA1_ct1 0.899435 0.091525  0.109384 0.054829  0.054555 0.498747 11 22
DHV12_4fj7A1_ali_4fjlA1_ct1 0.862998 0.347540  0.814536 0.277309  0.537228 0.659550 11 22
DHV12_4fj7A1_ali_4fjnA2_ct1 0.968642 0.278920  7.646061 1.074282  6.571779 0.859499 11 22
DHV12_4fj7A1_ali_4fk2A1_ct1 0.940241 0.140511  0.187145 0.069648  0.117497 0.627838 11 22
DHV12_4fj7A1_ali_4fk4A1_ct1 0.792246 0.209877  0.399330 0.154314  0.245016 0.613568 11 22
DHV12_4fj7A1_ali_4m3tA1_ct1 0.638825 0.112871  0.239920 0.094078  0.145842 0.607878 11 22
DHV12_4fj7A1_ali_4m3yA1_ct1 0.733417 0.148414  0.272049 0.122853  0.149196 0.548417 11 22
DHV12_4fj7A1_ali_4m3zA1_ct1 0.721332 0.106735  0.290232 0.087958  0.202274 0.696938 11 22
DHV12_4fj7A1_ali_4m45A1_ct1 0.743370 0.392936  0.733337 0.361203  0.372134 0.507453 11 22
DHV12_4fj9A1_ali_4fj7A1_ct1 0.963025 0.063334  0.148470 0.048948  0.099522 0.670315 11 22
DHV12_4fj9A1_ali_4fjjA1_ct1 0.923049 0.107126  0.165757 0.072304  0.093453 0.563796 11 22
DHV12_4fj9A1_ali_4fjlA1_ct1 0.898237 0.349379  0.849422 0.296307  0.553115 0.651166 11 22
DHV12_4fj9A1_ali_4fjnA2_ct1 0.967883 0.280622  7.745850 1.020288  6.725563 0.868279 11 22
DHV12_4fj9A1_ali_4fk2A1_ct1 0.953310 0.125040  0.176182 0.069618  0.106564 0.604853 11 22
DHV12_4fj9A1_ali_4fk4A1_ct1 0.865409 0.188723  0.461354 0.156570  0.304784 0.660629 11 22
DHV12_4fj9A1_ali_4m3tA1_ct1 0.801312 0.086972  0.279846 0.097358  0.182487 0.652100 11 22
DHV12_4fj9A1_ali_4m3yA1_ct1 0.747435 0.159015  0.290107 0.143057  0.147050 0.506882 11 22
DHV12_4fj9A1_ali_4m3zA1_ct1 0.808442 0.108595  0.331575 0.102541  0.229034 0.690747 11 22
DHV12_4fj9A1_ali_4m45A1_ct1 0.742731 0.409403  0.773251 0.381473  0.391778 0.506663 11 22
DHV12_4fjjA1_ali_4fj7A1_ct1 0.893933 0.091525  0.107492 0.054381  0.053111 0.494089 11 22
DHV12_4fjjA1_ali_4fj9A1_ct1 0.924827 0.107126  0.162003 0.073609  0.088394 0.545630 11 22
DHV12_4fjjA1_ali_4fjlA1_ct1 0.885741 0.326029  0.843514 0.272153  0.571361 0.677358 11 22
DHV12_4fjjA1_ali_4fjnA2_ct1 0.966591 0.287291  7.719644 1.061547  6.658097 0.862488 11 22
DHV12_4fjjA1_ali_4fk2A1_ct1 0.868819 0.177949  0.190074 0.099796  0.090278 0.474963 11 22
DHV12_4fjjA1_ali_4fk4A1_ct1 0.821495 0.214758  0.418203 0.155848  0.262356 0.627340 11 22
DHV12_4fjjA1_ali_4m3tA1_ct1 0.676678 0.132154  0.252039 0.113709  0.138330 0.548844 11 22
DHV12_4fjjA1_ali_4m3yA1_ct1 0.735193 0.182210  0.285810 0.141243  0.144567 0.505816 11 22
DHV12_4fjjA1_ali_4m3zA1_ct1 0.715616 0.125287  0.286491 0.101598  0.184893 0.645371 11 22
DHV12_4fjjA1_ali_4m45A1_ct1 0.691166 0.378807  0.716182 0.375114  0.341068 0.476231 11 22
DHV12_4fjlA1_ali_4fj7A1_ct1 0.907478 0.347540  0.816146 0.280480  0.535666 0.656336 11 22
DHV12_4fjlA1_ali_4fj9A1_ct1 0.912058 0.349379  0.850605 0.306613  0.543992 0.639535 11 22
DHV12_4fjlA1_ali_4fjjA1_ct1 0.918454 0.326029  0.844382 0.273718  0.570663 0.675836 11 22
DHV12_4fjlA1_ali_4fjnA2_ct1 0.973114 0.153980  7.229982 0.746480  6.483502 0.896752 11 22
DHV12_4fjlA1_ali_4fk2A1_ct1 0.920074 0.362396  0.905641 0.291672  0.613970 0.677939 11 22
DHV12_4fjlA1_ali_4fk4A1_ct1 0.917040 0.213258  0.707539 0.275258  0.432281 0.610964 11 22
DHV12_4fjlA1_ali_4m3tA1_ct1 0.889458 0.301506  0.807625 0.263863  0.543762 0.673285 11 22
DHV12_4fjlA1_ali_4m3yA1_ct1 0.918139 0.259011  0.847712 0.238188  0.609525 0.719023 11 22
DHV12_4fjlA1_ali_4m3zA1_ct1 0.906673 0.269553  0.899699 0.276944  0.622755 0.692182 11 22
DHV12_4fjlA1_ali_4m45A1_ct1 0.908106 0.134111  0.946106 0.172830  0.773276 0.817325 11 22
DHV12_4fjnA2_ali_4fj7A1_ct1 0.966070 0.278920  7.630212 0.793310  6.836902 0.896030 11 22
DHV12_4fjnA2_ali_4fj9A1_ct1 0.966256 0.280622  7.733911 0.801801  6.932110 0.896327 11 22
DHV12_4fjnA2_ali_4fjjA1_ct1 0.965855 0.287291  7.700743 0.798670  6.902073 0.896287 11 22
DHV12_4fjnA2_ali_4fjlA1_ct1 0.968703 0.153980  7.213313 0.521933  6.691380 0.927643 11 22
DHV12_4fjnA2_ali_4fk2A1_ct1 0.967076 0.300488  7.770472 0.784787  6.985685 0.899004 11 22
DHV12_4fjnA2_ali_4fk4A1_ct1 0.967193 0.169160  7.624727 0.688266  6.936461 0.909732 11 22
DHV12_4fjnA2_ali_4m3tA1_ct1 0.966294 0.246999  7.660755 0.756626  6.904129 0.901233 11 22
DHV12_4fjnA2_ali_4m3yA1_ct1 0.966181 0.184859  7.695332 0.754486  6.940846 0.901955 11 22
DHV12_4fjnA2_ali_4m3zA1_ct1 0.966016 0.214352  7.734744 0.723256  7.011488 0.906493 11 22
DHV12_4fjnA2_ali_4m45A1_ct1 0.964238 0.200837  7.646018 0.604470  7.041547 0.920943 11 22
DHV12_4fk2A1_ali_4fj7A1_ct1 0.936421 0.140511  0.186781 0.067659  0.119122 0.637765 11 22
DHV12_4fk2A1_ali_4fj9A1_ct1 0.942926 0.125040  0.165676 0.059270  0.106406 0.642254 11 22
DHV12_4fk2A1_ali_4fjjA1_ct1 0.869442 0.177949  0.193418 0.098782  0.094636 0.489283 11 22
DHV12_4fk2A1_ali_4fjlA1_ct1 0.901021 0.362396  0.901478 0.287654  0.613824 0.680908 11 22
DHV12_4fk2A1_ali_4fjnA2_ct1 0.965888 0.300488  7.789458 1.092429  6.697029 0.859756 11 22
DHV12_4fk2A1_ali_4fk4A1_ct1 0.789620 0.189696  0.417266 0.148481  0.268785 0.644157 11 22
DHV12_4fk2A1_ali_4m3tA1_ct1 0.656820 0.124025  0.275102 0.102076  0.173026 0.628953 11 22
DHV12_4fk2A1_ali_4m3yA1_ct1 0.738983 0.188483  0.277266 0.120676  0.156590 0.564766 11 22
DHV12_4fk2A1_ali_4m3zA1_ct1 0.604352 0.159977  0.275017 0.087799  0.187218 0.680751 11 22
DHV12_4fk2A1_ali_4m45A1_ct1 0.759263 0.427192  0.780916 0.380853  0.400063 0.512300 11 22
DHV12_4fk4A1_ali_4fj7A1_ct1 0.861135 0.209877  0.405726 0.161479  0.244246 0.601999 11 22
DHV12_4fk4A1_ali_4fj9A1_ct1 0.899995 0.188723  0.452880 0.168680  0.284199 0.627538 11 22
DHV12_4fk4A1_ali_4fjjA1_ct1 0.872721 0.214758  0.409775 0.162035  0.247740 0.604577 11 22
DHV12_4fk4A1_ali_4fjlA1_ct1 0.929233 0.213258  0.703567 0.157352  0.546214 0.776351 11 22
DHV12_4fk4A1_ali_4fjnA2_ct1 0.962565 0.169160  7.643549 0.918335  6.725215 0.879855 11 22
DHV12_4fk4A1_ali_4fk2A1_ct1 0.866947 0.189696  0.415073 0.163572  0.251501 0.605920 11 22
DHV12_4fk4A1_ali_4m3tA1_ct1 0.898092 0.137412  0.257301 0.124391  0.132911 0.516557 11 22
DHV12_4fk4A1_ali_4m3yA1_ct1 0.929466 0.164961  0.317465 0.149640  0.167825 0.528641 11 22
DHV12_4fk4A1_ali_4m3zA1_ct1 0.883617 0.147631  0.292244 0.153648  0.138595 0.474245 11 22
DHV12_4fk4A1_ali_4m45A1_ct1 0.919366 0.298804  0.675257 0.244262  0.430994 0.638267 11 22
DHV12_4m3tA1_ali_4fj7A1_ct1 0.770415 0.112871  0.252594 0.112709  0.139885 0.553796 11 22
DHV12_4m3tA1_ali_4fj9A1_ct1 0.865052 0.086972  0.284617 0.117814  0.166803 0.586060 11 22
DHV12_4m3tA1_ali_4fjjA1_ct1 0.774091 0.132154  0.255759 0.130978  0.124781 0.487884 11 22
DHV12_4m3tA1_ali_4fjlA1_ct1 0.842349 0.301506  0.803329 0.242684  0.560645 0.697902 11 22
DHV12_4m3tA1_ali_4fjnA2_ct1 0.966366 0.246999  7.677093 0.970750  6.706343 0.873552 11 22
DHV12_4m3tA1_ali_4fk2A1_ct1 0.801489 0.124025  0.275802 0.104321  0.171481 0.621753 11 22
DHV12_4m3tA1_ali_4fk4A1_ct1 0.833577 0.137412  0.262601 0.134469  0.128132 0.487934 11 22
DHV12_4m3tA1_ali_4m3yA1_ct1 0.849111 0.142153  0.218591 0.140657  0.077934 0.356530 11 22
DHV12_4m3tA1_ali_4m3zA1_ct1 0.906695 0.084163  0.179810 0.077793  0.102018 0.567363 11 22
DHV12_4m3tA1_ali_4m45A1_ct1 0.797527 0.373604  0.637041 0.300140  0.336902 0.528854 11 22
DHV12_4m3yA1_ali_4fj7A1_ct1 0.788314 0.148414  0.271129 0.128063  0.143066 0.527669 11 22
DHV12_4m3yA1_ali_4fj9A1_ct1 0.818290 0.159015  0.290866 0.131799  0.159067 0.546872 11 22
DHV12_4m3yA1_ali_4fjjA1_ct1 0.802847 0.182210  0.283651 0.145872  0.137779 0.485733 11 22
DHV12_4m3yA1_ali_4fjlA1_ct1 0.902073 0.259011  0.846566 0.215946  0.630620 0.744915 11 22
DHV12_4m3yA1_ali_4fjnA2_ct1 0.962821 0.184859  7.709308 0.999275  6.710033 0.870381 11 22
DHV12_4m3yA1_ali_4fk2A1_ct1 0.818958 0.188483  0.285605 0.125714  0.159891 0.559834 11 22
DHV12_4m3yA1_ali_4fk4A1_ct1 0.901420 0.164961  0.312789 0.132235  0.180554 0.577240 11 22
DHV12_4m3yA1_ali_4m3tA1_ct1 0.820407 0.142153  0.213060 0.126952  0.086108 0.404150 11 22
DHV12_4m3yA1_ali_4m3zA1_ct1 0.930167 0.086611  0.200687 0.086995  0.113692 0.566513 11 22
DHV12_4m3yA1_ali_4m45A1_ct1 0.899127 0.292371  0.594806 0.243490  0.351315 0.590639 11 22
DHV12_4m3zA1_ali_4fj7A1_ct1 0.836130 0.106735  0.299143 0.103877  0.195265 0.652750 11 22
DHV12_4m3zA1_ali_4fj9A1_ct1 0.888293 0.108595  0.329832 0.115319  0.214512 0.650369 11 22
DHV12_4m3zA1_ali_4fjjA1_ct1 0.828695 0.125287  0.294271 0.118209  0.176063 0.598300 11 22
DHV12_4m3zA1_ali_4fjlA1_ct1 0.897418 0.269553  0.895362 0.248912  0.646450 0.721998 11 22
DHV12_4m3zA1_ali_4fjnA2_ct1 0.964144 0.214352  7.745973 1.068413  6.677560 0.862069 11 22
DHV12_4m3zA1_ali_4fk2A1_ct1 0.800043 0.159977  0.278802 0.100213  0.178589 0.640559 11 22
DHV12_4m3zA1_ali_4fk4A1_ct1 0.849542 0.147631  0.294716 0.148821  0.145895 0.495035 11 22
DHV12_4m3zA1_ali_4m3tA1_ct1 0.883086 0.084163  0.180425 0.079683  0.100742 0.558361 11 22
DHV12_4m3zA1_ali_4m3yA1_ct1 0.927064 0.086611  0.207153 0.095954  0.111198 0.536794 11 22
DHV12_4m3zA1_ali_4m45A1_ct1 0.837343 0.324302  0.632189 0.288202  0.343988 0.544122 11 22
DHV12_4m45A1_ali_4fj7A1_ct1 0.850245 0.392936  0.733630 0.358726  0.374904 0.511026 11 22
DHV12_4m45A1_ali_4fj9A1_ct1 0.854072 0.409403  0.775289 0.374254  0.401035 0.517271 11 22
DHV12_4m45A1_ali_4fjjA1_ct1 0.852903 0.378807  0.713995 0.352350  0.361645 0.506509 11 22
DHV12_4m45A1_ali_4fjlA1_ct1 0.886681 0.134111  0.953075 0.176059  0.777016 0.815272 11 22
DHV12_4m45A1_ali_4fjnA2_ct1 0.966147 0.200837  7.643207 0.776208  6.866999 0.898445 11 22
DHV12_4m45A1_ali_4fk2A1_ct1 0.857237 0.427192  0.779959 0.370305  0.409654 0.525225 11 22
DHV12_4m45A1_ali_4fk4A1_ct1 0.898376 0.298804  0.675961 0.267402  0.408560 0.604413 11 22
DHV12_4m45A1_ali_4m3tA1_ct1 0.865182 0.373604  0.638044 0.321205  0.316840 0.496579 11 22
DHV12_4m45A1_ali_4m3yA1_ct1 0.899812 0.292371  0.594290 0.263478  0.330812 0.556650 11 22
DHV12_4m45A1_ali_4m3zA1_ct1 0.876794 0.324302  0.633072 0.321710  0.311362 0.491827 11 22
DHV13_2pa5A1_ali_4ge2A1_ct1 0.813356 0.135012  0.112721 0.069614  0.043107 0.382420 11 20
DHV13_2pa5A1_ali_4ge6B1_ct1 0.870026 0.597587  0.648376 0.329680  0.318696 0.491530 11 20
DHV13_2pa5A1_ali_4iczA2_ct1 0.931278 0.688732  3.487709 1.056259  2.431449 0.697148 11 20
DHV13_4ge2A1_ali_2pa5A1_ct1 0.813215 0.135012  0.113654 0.069590  0.044064 0.387701 11 20
DHV13_4ge2A1_ali_4ge6B1_ct1 0.853600 0.632483  0.651245 0.350354  0.300891 0.462024 11 20
DHV13_4ge2A1_ali_4iczA2_ct1 0.932292 0.675624  3.526475 1.060646  2.465829 0.699233 11 20
DHV13_4ge6B1_ali_2pa5A1_ct1 0.855963 0.597587  0.642536 0.325848  0.316688 0.492872 11 20
DHV13_4ge6B1_ali_4ge2A1_ct1 0.854709 0.632483  0.650920 0.329897  0.321023 0.493184 11 20
DHV13_4ge6B1_ali_4iczA2_ct1 0.936187 0.474168  3.244282 0.967705  2.276577 0.701720 11 20
DHV13_4iczA2_ali_2pa5A1_ct1 0.928582 0.688732  3.491547 0.864629  2.626918 0.752365 11 20
DHV13_4iczA2_ali_4ge2A1_ct1 0.928724 0.675624  3.535069 0.861931  2.673138 0.756177 11 20
DHV13_4iczA2_ali_4ge6B1_ct1 0.932457 0.474168  3.247377 0.587197  2.660180 0.819178 11 20
DHV14_4jhxA1_ali_4kwtC2_ct1 0.726390 1.030025  2.944660 0.633183  2.311477 0.784972 11 21
DHV14_4kwtC2_ali_4jhxA1_ct1 0.807049 1.030025  2.946712 0.754087  2.192624 0.744092 11 21
DHV15_3agnA1_ali_3agoA2_ct1 0.880695 0.251947  7.496385 0.605745  6.890640 0.919195 11 21
DHV15_3agnA1_ali_3ahwA3_ct1 0.921989 0.781843  5.751228 0.598579  5.152650 0.895922 11 21
DHV15_3agoA2_ali_3agnA1_ct1 0.828511 0.251947  7.498788 1.881634  5.617154 0.749075 11 21
DHV15_3agoA2_ali_3ahwA3_ct1 0.869397 0.866595  5.545893 0.410065  5.135828 0.926060 11 21
DHV15_3ahwA3_ali_3agnA1_ct1 0.868648 0.781843  5.737800 0.500878  5.236922 0.912706 11 21
DHV15_3ahwA3_ali_3agoA2_ct1 0.846463 0.866595  5.545882 0.446215  5.099668 0.919541 11 21
DHV16_1a4uB1_ali_1b16B2_ct1 0.750670 0.194346  2.577454 0.188549  2.388905 0.926847 12 23
DHV16_1a4uB1_ali_1b2lA3_ct1 0.827354 0.383486  1.779080 0.655650  1.123430 0.631467 12 23
DHV16_1a4uB1_ali_1sbyB2_ct1 0.737132 0.186010  2.519660 0.232370  2.287290 0.907777 12 23
DHV16_1b16B2_ali_1a4uB1_ct1 0.776490 0.194346  2.564057 0.634125  1.929932 0.752687 12 23
DHV16_1b16B2_ali_1b2lA3_ct1 0.932462 0.302608  3.295954 0.337518  2.958437 0.897596 12 23
DHV16_1b16B2_ali_1sbyB2_ct1 0.920359 0.182078  0.462009 0.190059  0.271950 0.588624 12 23
DHV16_1b2lA3_ali_1a4uB1_ct1 0.811834 0.383486  1.777883 0.388793  1.389090 0.781317 12 23
DHV16_1b2lA3_ali_1b16B2_ct1 0.883137 0.302608  3.307525 0.194908  3.112617 0.941071 12 23
DHV16_1b2lA3_ali_1sbyB2_ct1 0.889805 0.319588  3.194522 0.211486  2.983036 0.933797 12 23
DHV16_1sbyB2_ali_1a4uB1_ct1 0.762877 0.186010  2.502710 0.587573  1.915137 0.765225 12 23
DHV16_1sbyB2_ali_1b16B2_ct1 0.901673 0.182078  0.459088 0.207637  0.251451 0.547718 12 23
DHV16_1sbyB2_ali_1b2lA3_ct1 0.927357 0.319588  3.176421 0.250258  2.926163 0.921214 12 23
DHV17_3hszA1_ali_3ht0A2_ct1 0.946157 0.448616 11.737377 0.803735 10.933642 0.931524 12 23
DHV17_3ht0A2_ali_3hszA1_ct1 0.968175 0.448616 11.785672 1.694994 10.090678 0.856182 12 23
DHV18_3m7wD1_ali_3oexB1_ct1 0.896896 0.356274  0.331348 0.147056  0.184292 0.556189 12 23
DHV18_3m7wD1_ali_4gfsA1_ct1 0.907288 0.229426  0.369817 0.160351  0.209466 0.566404 12 23
DHV18_3m7wD1_ali_4guiB2_ct1 0.941996 0.600705  4.537892 0.636491  3.901401 0.859739 12 23
DHV18_3m7wD1_ali_4gujB2_ct1 0.942480 0.598723  4.528862 0.609425  3.919437 0.865435 12 23
DHV18_3oexB1_ali_3m7wD1_ct1 0.884946 0.356274  0.332501 0.154838  0.177663 0.534324 12 23
DHV18_3oexB1_ali_4gfsA1_ct1 0.722719 0.350632  0.222446 0.157730  0.064715 0.290926 12 23
DHV18_3oexB1_ali_4guiB2_ct1 0.942385 0.500432  4.742169 0.450850  4.291319 0.904927 12 23
DHV18_3oexB1_ali_4gujB2_ct1 0.941697 0.459049  4.730398 0.468060  4.262338 0.901053 12 23
DHV18_4gfsA1_ali_3m7wD1_ct1 0.891713 0.229426  0.370692 0.168065  0.202627 0.546619 12 23
DHV18_4gfsA1_ali_3oexB1_ct1 0.742001 0.350632  0.221819 0.154071  0.067749 0.305422 12 23
DHV18_4gfsA1_ali_4guiB2_ct1 0.940956 0.569805  4.727160 0.424484  4.302677 0.910203 12 23
DHV18_4gfsA1_ali_4gujB2_ct1 0.940229 0.563167  4.723517 0.406089  4.317429 0.914028 12 23
DHV18_4guiB2_ali_3m7wD1_ct1 0.940411 0.600705  4.535884 0.594808  3.941075 0.868866 12 23
DHV18_4guiB2_ali_3oexB1_ct1 0.946297 0.500432  4.740287 0.636848  4.103439 0.865652 12 23
DHV18_4guiB2_ali_4gfsA1_ct1 0.944978 0.569805  4.721155 0.625333  4.095821 0.867547 12 23
DHV18_4guiB2_ali_4gujB2_ct1 0.970669 0.141238  0.451672 0.116514  0.335157 0.742037 12 23
DHV18_4gujB2_ali_3m7wD1_ct1 0.942012 0.598723  4.525221 0.427278  4.097943 0.905578 12 23
DHV18_4gujB2_ali_3oexB1_ct1 0.948075 0.459049  4.729198 0.417228  4.311970 0.911776 12 23
DHV18_4gujB2_ali_4gfsA1_ct1 0.946636 0.563167  4.717885 0.414005  4.303880 0.912248 12 23
DHV18_4gujB2_ali_4guiB2_ct1 0.968721 0.141238  0.457024 0.097728  0.359296 0.786165 12 23
DHV19_1dg3A1_ali_1f5nA2_ct1 0.942628 0.848537  5.586121 0.923383  4.662737 0.834700 12 24
DHV19_1f5nA2_ali_1dg3A1_ct1 0.936062 0.848537  5.593959 1.038121  4.555838 0.814421 12 24
DHV20_3phgA1_ali_3phhA2_ct1 0.894774 0.407321  3.263341 0.536003  2.727337 0.835750 12 23
DHV20_3phhA2_ali_3phgA1_ct1 0.819722 0.407321  3.262841 0.337345  2.925495 0.896610 12 23
DHV21_3d05A1_ali_3d06A2_ct1 0.823809 0.149486  4.433344 0.458776  3.974568 0.896517 13 26
DHV21_3d06A2_ali_3d05A1_ct1 0.858722 0.149486  4.435182 0.371695  4.063487 0.916194 13 26
DHV22_3v0dB1_ali_3v0fA2_ct1 0.909370 0.299781  7.061203 0.741856  6.319347 0.894939 13 26
DHV22_3v0dB1_ali_3v0gB1_ct1 0.798054 0.249038  1.056177 0.483150  0.573027 0.542548 13 26
DHV22_3v0dB1_ali_3v0hB3_ct1 0.940289 0.569211  8.939385 0.960651  7.978734 0.892537 13 26
DHV22_3v0fA2_ali_3v0dB1_ct1 0.923528 0.299781  7.057278 0.685900  6.371377 0.902810 13 26
DHV22_3v0fA2_ali_3v0gB1_ct1 0.904371 0.434093  7.474349 0.948436  6.525913 0.873108 13 26
DHV22_3v0fA2_ali_3v0hB3_ct1 0.952231 0.499766  8.972547 1.210307  7.762239 0.865110 13 26
DHV22_3v0gB1_ali_3v0dB1_ct1 0.809174 0.249038  1.054061 0.420453  0.633608 0.601111 13 26
DHV22_3v0gB1_ali_3v0fA2_ct1 0.892493 0.434093  7.470418 1.120531  6.349887 0.850004 13 26
DHV22_3v0gB1_ali_3v0hB3_ct1 0.930246 0.563637  8.810877 1.021916  7.788961 0.884017 13 26
DHV22_3v0hB3_ali_3v0dB1_ct1 0.935818 0.569211  8.933345 1.003609  7.929736 0.887656 13 26
DHV22_3v0hB3_ali_3v0fA2_ct1 0.956423 0.499766  8.978035 0.743229  8.234806 0.917217 13 26
DHV22_3v0hB3_ali_3v0gB1_ct1 0.932409 0.563637  8.804596 0.735601  8.068995 0.916453 13 26
DHV23_4mxrB1_ali_4myfA2_ct1 0.976970 0.242642  2.965198 0.292683  2.672514 0.901294 13 25
DHV23_4mxrB1_ali_4mykA2_ct1 0.976422 0.191955  2.928402 0.270893  2.657509 0.907495 13 25
DHV23_4mxrB1_ali_4mylA2_ct1 0.976539 0.283401  2.901294 0.314346  2.586947 0.891653 13 25
DHV23_4myfA2_ali_4mxrB1_ct1 0.975676 0.242642  2.958903 0.383406  2.575496 0.870423 13 25
DHV23_4myfA2_ali_4mykA2_ct1 0.855316 0.107354  0.168282 0.084217  0.084066 0.499551 13 25
DHV23_4myfA2_ali_4mylA2_ct1 0.982462 0.147426  0.317219 0.061487  0.255731 0.806167 13 25
DHV23_4mykA2_ali_4mxrB1_ct1 0.977639 0.191955  2.898992 0.325633  2.573359 0.887674 13 25
DHV23_4mykA2_ali_4myfA2_ct1 0.880957 0.107354  0.167457 0.083642  0.083815 0.500517 13 25
DHV23_4mykA2_ali_4mylA2_ct1 0.968046 0.180341  0.372104 0.100076  0.272028 0.731055 13 25
DHV23_4mylA2_ali_4mxrB1_ct1 0.977816 0.283401  2.892294 0.351937  2.540357 0.878319 13 25
DHV23_4mylA2_ali_4myfA2_ct1 0.000001 0.147426  0.314484 0.057763  0.256721 0.816325 13 25
DHV23_4mylA2_ali_4mykA2_ct1 0.000001 0.180341  0.368167 0.101592  0.266575 0.724060 13 25
DHV24_2ce2X1_ali_2cl0X2_ct1 0.609764 0.682947  1.733734 0.638115  1.095619 0.631942 13 25
DHV24_2ce2X1_ali_2cl6X3_ct1 0.747599 1.121763  2.486620 0.820543  1.666077 0.670017 13 25
DHV24_2ce2X1_ali_2cl7X4_ct1 0.728007 0.978608  1.717401 0.583069  1.134332 0.660493 13 25
DHV24_2ce2X1_ali_2clcX4_ct1 0.678275 0.980107  1.627430 0.520214  1.107216 0.680346 13 25
DHV24_2ce2X1_ali_2evwX4_ct1 0.625103 1.058351  1.591175 0.506952  1.084223 0.681398 13 25
DHV24_2cl0X2_ali_2ce2X1_ct1 0.663441 0.682947  1.729667 0.369239  1.360428 0.786526 13 25
DHV24_2cl0X2_ali_2cl6X3_ct1 0.513248 0.932511  2.405719 0.994001  1.411718 0.586818 13 25
DHV24_2cl0X2_ali_2cl7X4_ct1 0.917786 0.589676  1.557683 0.446626  1.111058 0.713276 13 25
DHV24_2cl0X2_ali_2clcX4_ct1 0.923232 0.553380  1.416828 0.414849  1.001979 0.707199 13 25
DHV24_2cl0X2_ali_2evwX4_ct1 0.881459 0.576801  1.230755 0.441096  0.789660 0.641606 13 25
DHV24_2cl6X3_ali_2ce2X1_ct1 0.851696 1.121763  2.481893 1.466622  1.015270 0.409071 13 25
DHV24_2cl6X3_ali_2cl0X2_ct1 0.920424 0.932511  2.398762 1.376719  1.022043 0.426071 13 25
DHV24_2cl6X3_ali_2cl7X4_ct1 0.902920 0.712471  2.018807 1.177707  0.841100 0.416632 13 25
DHV24_2cl6X3_ali_2clcX4_ct1 0.916634 0.723178  2.070903 1.194110  0.876793 0.423387 13 25
DHV24_2cl6X3_ali_2evwX4_ct1 0.900322 0.836109  2.134751 1.141625  0.993125 0.465218 13 25
DHV24_2cl7X4_ali_2ce2X1_ct1 0.707310 0.978608  1.721144 0.493723  1.227421 0.713143 13 25
DHV24_2cl7X4_ali_2cl0X2_ct1 0.929814 0.589676  1.551308 0.399782  1.151526 0.742294 13 25
DHV24_2cl7X4_ali_2cl6X3_ct1 0.741472 0.712471  2.027366 0.403208  1.624158 0.801117 13 25
DHV24_2cl7X4_ali_2clcX4_ct1 0.909138 0.099002  0.385679 0.160533  0.225146 0.583766 13 25
DHV24_2cl7X4_ali_2evwX4_ct1 0.951363 0.300135  0.845996 0.237154  0.608841 0.719674 13 25
DHV24_2clcX4_ali_2ce2X1_ct1 0.660682 0.980107  1.630712 0.427584  1.203128 0.737793 13 25
DHV24_2clcX4_ali_2cl0X2_ct1 0.907724 0.553380  1.414657 0.451629  0.963028 0.680750 13 25
DHV24_2clcX4_ali_2cl6X3_ct1 0.647922 0.723178  2.081123 0.553790  1.527334 0.733899 13 25
DHV24_2clcX4_ali_2cl7X4_ct1 0.887916 0.099002  0.384132 0.158895  0.225237 0.586352 13 25
DHV24_2clcX4_ali_2evwX4_ct1 0.952743 0.319526  0.572838 0.165453  0.407385 0.711169 13 25
DHV24_2evwX4_ali_2ce2X1_ct1 0.652985 1.058351  1.591535 0.349160  1.242375 0.780614 13 25
DHV24_2evwX4_ali_2cl0X2_ct1 0.893848 0.576801  1.220444 0.410702  0.809742 0.663481 13 25
DHV24_2evwX4_ali_2cl6X3_ct1 0.690118 0.836109  2.141707 0.557795  1.583912 0.739556 13 25
DHV24_2evwX4_ali_2cl7X4_ct1 0.970892 0.300135  0.840480 0.165747  0.674733 0.802795 13 25
DHV24_2evwX4_ali_2clcX4_ct1 0.961242 0.319526  0.564856 0.146190  0.418666 0.741191 13 25
DHV25_1gqyB1_ali_1p31B2_ct1 0.942814 0.956235  9.849416 2.251214  7.598202 0.771437 13 25
DHV25_1gqyB1_ali_1p3dA2_ct1 0.943893 0.924805  9.888506 2.244349  7.644157 0.773035 13 25
DHV25_1p31B2_ali_1gqyB1_ct1 0.897001 0.956235  9.852161 2.490498  7.361664 0.747213 13 25
DHV25_1p31B2_ali_1p3dA2_ct1 0.913820 0.199724  0.188295 0.080817  0.107478 0.570795 13 25
DHV25_1p3dA2_ali_1gqyB1_ct1 0.896951 0.924805  9.890871 2.678818  7.212053 0.729163 13 25
DHV25_1p3dA2_ali_1p31B2_ct1 0.910490 0.199724  0.190604 0.085158  0.105446 0.553222 13 25
DHV26_2rbtX1_ali_2rbuX2_ct1 0.919065 0.148274  5.412443 0.311236  5.101207 0.942496 14 27
DHV26_2rbtX1_ali_2rbvX1_ct1 0.928063 0.044170  0.093643 0.039588  0.054056 0.577253 14 27
DHV26_2rbtX1_ali_2rbwX3_ct1 0.834524 0.210014  3.598981 0.561790  3.037191 0.843903 14 27
DHV26_2rbtX1_ali_2rbxX1_ct1 0.929093 0.067337  0.242396 0.096770  0.145627 0.600778 14 27
DHV26_2rbtX1_ali_2rbyX1_ct1 0.910354 0.095503  0.136856 0.061017  0.075840 0.554154 14 27
DHV26_2rbtX1_ali_2rbzX1_ct1 0.927648 0.140961  0.234762 0.091881  0.142880 0.608619 14 27
DHV26_2rbtX1_ali_2rc0X1_ct1 0.948645 0.104829  0.238334 0.079568  0.158766 0.666148 14 27
DHV26_2rbtX1_ali_2rc2X3_ct1 0.835380 0.129045  3.627256 0.530407  3.096849 0.853772 14 27
DHV26_2rbuX2_ali_2rbtX1_ct1 0.912473 0.148274  5.419287 0.413283  5.006004 0.923739 14 27
DHV26_2rbuX2_ali_2rbvX1_ct1 0.914121 0.154538  5.399241 0.404214  4.995027 0.925135 14 27
DHV26_2rbuX2_ali_2rbwX3_ct1 0.925750 0.167988  2.626191 0.315246  2.310945 0.879961 14 27
DHV26_2rbuX2_ali_2rbxX1_ct1 0.907165 0.158850  5.483751 1.024554  4.459197 0.813165 14 27
DHV26_2rbuX2_ali_2rbyX1_ct1 0.909559 0.143332  5.453535 1.026308  4.427227 0.811809 14 27
DHV26_2rbuX2_ali_2rbzX1_ct1 0.908979 0.203235  5.505544 0.453045  5.052499 0.917711 14 27
DHV26_2rbuX2_ali_2rc0X1_ct1 0.906939 0.179042  5.495572 0.434869  5.060703 0.920869 14 27
DHV26_2rbuX2_ali_2rc2X3_ct1 0.928221 0.134677  2.581283 0.324785  2.256499 0.874177 14 27
DHV26_2rbvX1_ali_2rbtX1_ct1 0.924815 0.044170  0.091152 0.039588  0.051564 0.565692 14 27
DHV26_2rbvX1_ali_2rbuX2_ct1 0.920087 0.154538  5.391716 0.308809  5.082907 0.942725 14 27
DHV26_2rbvX1_ali_2rbwX3_ct1 0.834020 0.213450  3.584663 0.549657  3.035006 0.846664 14 27
DHV26_2rbvX1_ali_2rbxX1_ct1 0.951668 0.093222  0.308112 0.101815  0.206297 0.669551 14 27
DHV26_2rbvX1_ali_2rbyX1_ct1 0.952697 0.100667  0.196798 0.061452  0.135346 0.687743 14 27
DHV26_2rbvX1_ali_2rbzX1_ct1 0.951694 0.139110  0.294299 0.092888  0.201410 0.684374 14 27
DHV26_2rbvX1_ali_2rc0X1_ct1 0.969688 0.112299  0.294272 0.073903  0.220369 0.748861 14 27
DHV26_2rbvX1_ali_2rc2X3_ct1 0.834799 0.113551  3.612601 0.521318  3.091283 0.855695 14 27
DHV26_2rbwX3_ali_2rbtX1_ct1 0.840062 0.210014  3.596435 0.444750  3.151685 0.876336 14 27
DHV26_2rbwX3_ali_2rbuX2_ct1 0.940654 0.167988  2.620591 0.336903  2.283688 0.871440 14 27
DHV26_2rbwX3_ali_2rbvX1_ct1 0.836305 0.213450  3.584251 0.445448  3.138803 0.875721 14 27
DHV26_2rbwX3_ali_2rbxX1_ct1 0.837110 0.202534  3.710618 0.429536  3.281082 0.884241 14 27
DHV26_2rbwX3_ali_2rbyX1_ct1 0.839465 0.167189  3.642966 0.445144  3.197823 0.877807 14 27
DHV26_2rbwX3_ali_2rbzX1_ct1 0.843149 0.229600  3.707424 0.457920  3.249504 0.876486 14 27
DHV26_2rbwX3_ali_2rc0X1_ct1 0.840203 0.170841  3.703447 0.411691  3.291756 0.888836 14 27
DHV26_2rbwX3_ali_2rc2X3_ct1 0.917772 0.137631  0.128412 0.058323  0.070089 0.545811 14 27
DHV26_2rbxX1_ali_2rbtX1_ct1 0.916633 0.067337  0.239560 0.095503  0.144058 0.601342 14 27
DHV26_2rbxX1_ali_2rbuX2_ct1 0.918852 0.158850  5.478451 0.346968  5.131483 0.936667 14 27
DHV26_2rbxX1_ali_2rbvX1_ct1 0.936833 0.093222  0.306478 0.102370  0.204108 0.665980 14 27
DHV26_2rbxX1_ali_2rbwX3_ct1 0.832865 0.202534  3.711642 0.557166  3.154476 0.849887 14 27
DHV26_2rbxX1_ali_2rbyX1_ct1 0.905821 0.084087  0.198279 0.088166  0.110113 0.555342 14 27
DHV26_2rbxX1_ali_2rbzX1_ct1 0.799201 0.138551  0.123090 0.079102  0.043988 0.357364 14 27
DHV26_2rbxX1_ali_2rc0X1_ct1 0.871441 0.087578  0.140671 0.076299  0.064371 0.457603 14 27
DHV26_2rbxX1_ali_2rc2X3_ct1 0.833876 0.153564  3.740730 0.540748  3.199982 0.855443 14 27
DHV26_2rbyX1_ali_2rbtX1_ct1 0.905592 0.095503  0.132764 0.059928  0.072835 0.548609 14 27
DHV26_2rbyX1_ali_2rbuX2_ct1 0.917099 0.143332  5.448967 0.337864  5.111103 0.937995 14 27
DHV26_2rbyX1_ali_2rbvX1_ct1 0.948497 0.100667  0.194068 0.060504  0.133563 0.688231 14 27
DHV26_2rbyX1_ali_2rbwX3_ct1 0.828075 0.167189  3.646122 0.560853  3.085269 0.846178 14 27
DHV26_2rbyX1_ali_2rbxX1_ct1 0.905032 0.084087  0.200101 0.090431  0.109669 0.548070 14 27
DHV26_2rbyX1_ali_2rbzX1_ct1 0.937325 0.088583  0.176494 0.065244  0.111251 0.630336 14 27
DHV26_2rbyX1_ali_2rc0X1_ct1 0.919944 0.059040  0.156825 0.067878  0.088947 0.567175 14 27
DHV26_2rbyX1_ali_2rc2X3_ct1 0.828856 0.109826  3.673964 0.531353  3.142612 0.855374 14 27
DHV26_2rbzX1_ali_2rbtX1_ct1 0.923046 0.140961  0.227148 0.091152  0.135997 0.598713 14 27
DHV26_2rbzX1_ali_2rbuX2_ct1 0.919336 0.203235  5.500403 0.352366  5.148036 0.935938 14 27
DHV26_2rbzX1_ali_2rbvX1_ct1 0.947666 0.139110  0.289657 0.093137  0.196520 0.678458 14 27
DHV26_2rbzX1_ali_2rbwX3_ct1 0.834733 0.229600  3.709567 0.551394  3.158173 0.851359 14 27
DHV26_2rbzX1_ali_2rbxX1_ct1 0.804195 0.138551  0.121036 0.078120  0.042916 0.354570 14 27
DHV26_2rbzX1_ali_2rbyX1_ct1 0.939062 0.088583  0.176622 0.064290  0.112332 0.636002 14 27
DHV26_2rbzX1_ali_2rc0X1_ct1 0.943836 0.099084  0.116370 0.044261  0.072108 0.619648 14 27
DHV26_2rbzX1_ali_2rc2X3_ct1 0.835648 0.161003  3.738383 0.537666  3.200716 0.856177 14 27
DHV26_2rc0X1_ali_2rbtX1_ct1 0.945151 0.104829  0.234189 0.080294  0.153895 0.657139 14 27
DHV26_2rc0X1_ali_2rbuX2_ct1 0.916099 0.179042  5.490672 0.331224  5.159448 0.939675 14 27
DHV26_2rc0X1_ali_2rbvX1_ct1 0.965678 0.112299  0.290430 0.075749  0.214681 0.739184 14 27
DHV26_2rc0X1_ali_2rbwX3_ct1 0.833296 0.170841  3.706493 0.568157  3.138336 0.846713 14 27
DHV26_2rc0X1_ali_2rbxX1_ct1 0.872550 0.087578  0.142212 0.075471  0.066741 0.469308 14 27
DHV26_2rc0X1_ali_2rbyX1_ct1 0.918215 0.059040  0.160307 0.067851  0.092456 0.576743 14 27
DHV26_2rc0X1_ali_2rbzX1_ct1 0.937577 0.099084  0.120586 0.043456  0.077131 0.639630 14 27
DHV26_2rc0X1_ali_2rc2X3_ct1 0.834065 0.128405  3.735662 0.543160  3.192502 0.854601 14 27
DHV26_2rc2X3_ali_2rbtX1_ct1 0.843559 0.129045  3.625429 0.448763  3.176666 0.876218 14 27
DHV26_2rc2X3_ali_2rbuX2_ct1 0.938928 0.134677  2.576387 0.320472  2.255915 0.875612 14 27
DHV26_2rc2X3_ali_2rbvX1_ct1 0.840108 0.113551  3.613262 0.452003  3.161259 0.874904 14 27
DHV26_2rc2X3_ali_2rbwX3_ct1 0.916832 0.137631  0.129588 0.053800  0.075788 0.584838 14 27
DHV26_2rc2X3_ali_2rbxX1_ct1 0.840449 0.153564  3.738863 0.453441  3.285421 0.878722 14 27
DHV26_2rc2X3_ali_2rbyX1_ct1 0.842878 0.109826  3.671558 0.443941  3.227617 0.879086 14 27
DHV26_2rc2X3_ali_2rbzX1_ct1 0.846348 0.161003  3.735929 0.452260  3.283669 0.878943 14 27
DHV26_2rc2X3_ali_2rc0X1_ct1 0.843388 0.128405  3.731771 0.455990  3.275782 0.877809 14 27
DHV27_5ktaA1_ali_5ktcA2_ct1 0.936268 0.743188  7.757879 1.070073  6.687807 0.862066 14 28
DHV27_5ktaA1_ali_5ktdA2_ct1 0.936246 0.707717  7.740156 1.141481  6.598674 0.852525 14 28
DHV27_5ktcA2_ali_5ktaA1_ct1 0.942400 0.743188  7.751040 0.779027  6.972013 0.899494 14 28
DHV27_5ktcA2_ali_5ktdA2_ct1 0.886602 0.097818  0.099150 0.051239  0.047911 0.483215 14 28
DHV27_5ktdA2_ali_5ktaA1_ct1 0.940771 0.707717  7.739144 0.805342  6.933802 0.895939 14 28
DHV27_5ktdA2_ali_5ktcA2_ct1 0.886798 0.097818  0.098986 0.051745  0.047241 0.477251 14 28
DHV28_2yjdB2_ali_3omqA2_ct1 0.927434 0.628911  2.237623 0.307630  1.929993 0.862519 14 24
DHV28_3omqA2_ali_2yjdB2_ct1 0.896865 0.628911  2.230057 0.414331  1.815727 0.814206 14 24
DHV29_3illA1_ali_3iloA2_ct1 0.900554 0.667495  4.931176 0.826085  4.105091 0.832477 14 27
DHV29_3iloA2_ali_3illA1_ct1 0.886960 0.667495  4.948246 0.669776  4.278470 0.864644 14 27
DHV30_2xguA1_ali_2xgyA2_ct1 0.976620 0.619270  7.889506 0.713489  7.176017 0.909565 14 22
DHV30_2xgyA2_ali_2xguA1_ct1 0.976726 0.619270  7.895220 0.964062  6.931158 0.877893 14 22
#-----------------------------------------------------------------------------------
#Avg(392):                  0.871073 0.371404  2.546488 0.457403  2.089085 0.697010 12 23
#Sig(392):                  0.102182 0.326168  2.623069 0.442933  2.339047 0.173190  2  3
#Med(392):                  0.899874 0.244820  1.609482 0.342416  0.978077 0.694560 11 22
