# Morphing                 Delta0    RmsdA   RmsdA2    RmsdI    RmsdF    RmsdD   Motion N_res N_dh
DHV01_3iu1B1_ali_3iu2A2_af1  0.874080 0.238907 0.114710 3.398531 0.422019 2.976512 0.875823 10 19
DHV01_3iu1B1_ali_3iweA2_af1  0.889208 0.211469 0.172762 3.531907 0.449696 3.082211 0.872676 10 19
DHV01_3iu1B1_ali_3jtkA2_af1  0.894150 0.334560 0.183223 3.638305 0.480946 3.157359 0.867810 10 19
DHV01_3iu2A2_ali_3iu1B1_af1  0.896162 0.238907 0.114710 3.403038 0.518623 2.884415 0.847600 10 19
DHV01_3iweA2_ali_3iu1B1_af1  0.890012 0.211469 0.172762 3.534262 0.693290 2.840972 0.803837 10 19
DHV01_3jtkA2_ali_3iu1B1_af1  0.901772 0.334560 0.183223 3.637944 0.651353 2.986591 0.820956 10 19
DHV02_4hidA1_ali_4hj7A2_af1  0.820745 0.522824 0.250576 2.301723 0.335585 1.966137 0.854203 10 20
DHV02_4hikA1_ali_4hj7A2_af1  0.853137 0.498941 0.083926 2.443592 0.300025 2.143567 0.877220 10 20
DHV02_4himA1_ali_4hj7A2_af1  0.852786 0.448972 0.108370 2.465638 0.310773 2.154865 0.873958 10 20
DHV02_4hioA1_ali_4hj7A2_af1  0.847878 0.468202 0.212096 2.439912 0.317857 2.122055 0.869726 10 20
DHV02_4hj7A2_ali_4hidA1_af1  0.772283 0.522824 0.250576 2.303590 0.258885 2.044705 0.887617 10 20
DHV02_4hj7A2_ali_4hikA1_af1  0.807108 0.498941 0.083926 2.444215 0.183108 2.261108 0.925085 10 20
DHV02_4hj7A2_ali_4himA1_af1  0.806853 0.448972 0.108370 2.465646 0.235412 2.230234 0.904523 10 20
DHV02_4hj7A2_ali_4hioA1_af1  0.812523 0.468202 0.212096 2.443841 0.228034 2.215807 0.906690 10 20
DHV02_4hj7A2_ali_4hj9A1_af1  0.792838 0.384331 0.106939 2.335121 0.247126 2.087996 0.894170 10 20
DHV02_4hj9A1_ali_4hj7A2_af1  0.839675 0.384331 0.106939 2.328079 0.358392 1.969686 0.846057 10 20
DHV03_4kfrB1_ali_4kfuA2_af1  0.933242 0.984140 0.569211 4.927080 0.662241 4.264839 0.865592 10 20
DHV03_4kfuA2_ali_4kfrB1_af1  0.903519 0.984140 0.569211 4.923651 0.627773 4.295878 0.872499 10 20
DHV04_3waeA1_ali_3wafB2_af1  0.885907 0.520078 0.096478 3.316267 0.359348 2.956919 0.891641 10 19
DHV04_3wafB2_ali_3waeA1_af1  0.911326 0.520078 0.096478 3.301117 0.888924 2.412193 0.730720 10 19
DHV05_3mp6A1_ali_3mp8A2_af1  0.928387 0.485456 0.212745 4.823936 0.802328 4.021608 0.833678 10 18
DHV05_3mp8A2_ali_3mp6A1_af1  0.934354 0.485456 0.212745 4.823243 0.936163 3.887080 0.805906 10 18
DHV06_1xbbA1_ali_4fyoA2_af1  0.944895 1.080808 0.336389 2.112590 0.328525 1.784064 0.844492 11 22
DHV06_1xbbA1_ali_4i0sA2_af1  0.963802 1.353775 0.346267 2.307052 0.351277 1.955775 0.847738 11 22
DHV06_4fyoA2_ali_1xbbA1_af1  0.923298 1.080808 0.336389 2.115806 0.221723 1.894083 0.895206 11 22
DHV06_4i0sA2_ali_1xbbA1_af1  0.952520 1.353775 0.346267 2.316068 0.233709 2.082359 0.899092 11 22
DHV06_4i0sA2_ali_4i0tA2_af1  0.932467 0.711456 0.270456 2.271853 0.830805 1.441048 0.634305 11 22
DHV06_4i0tA2_ali_4i0sA2_af1  0.927019 0.711456 0.270456 2.267586 0.522550 1.745036 0.769557 11 22
DHV07_3n4fA1_ali_3qpeD2_af1  0.914894 0.414339 0.182064 4.001913 0.288918 3.712995 0.927805 11 22
DHV07_3n4fA1_ali_3vccA2_af1  0.912158 0.531085 0.210506 4.003630 0.322604 3.681026 0.919422 11 22
DHV07_3qpeD2_ali_3n4fA1_af1  0.919698 0.414339 0.182064 4.005315 0.316089 3.689225 0.921082 11 22
DHV07_3vccA2_ali_3n4fA1_af1  0.918963 0.531085 0.210506 3.998322 0.352479 3.645843 0.911843 11 22
DHV08_2vovA1_ali_2voxA2_af1  0.872113 0.586999 0.304663 3.046331 0.286753 2.759578 0.905869 11 21
DHV08_2voxA2_ali_2vovA1_af1  0.886916 0.586999 0.304663 3.049409 0.273051 2.776358 0.910458 11 21
DHV09_2q9fA1_ali_3mdmA2_af1  0.888298 1.338512 0.595690 4.116378 0.760971 3.355407 0.815136 11 21
DHV09_3mdmA2_ali_2q9fA1_af1  0.797872 1.338512 0.595690 4.115151 0.827613 3.287538 0.798886 11 21
DHV10_3irsC1_ali_3k4wL2_af1  0.917272 0.878907 0.356634 3.988704 0.506080 3.482624 0.873122 11 22
DHV10_3k4wL2_ali_3irsC1_af1  0.928162 0.878907 0.356634 3.950640 0.482693 3.467947 0.877819 11 22
DHV11_3gnoA1_ali_3gnpA1_af1  0.907557 0.201476 0.064074 4.281271 0.179881 4.101390 0.957984 12 24
DHV11_3gnpA1_ali_3gnoA1_af1  0.925316 0.201476 0.064074 4.276576 0.718000 3.558576 0.832109 12 24
DHV11_3gnpA1_ali_3gnrA2_af1  0.927279 0.247115 0.086046 4.242569 0.694993 3.547576 0.836186 12 24
DHV11_3gnrA2_ali_3gnpA1_af1  0.905789 0.247115 0.086046 4.246528 0.231448 4.015079 0.945497 12 24
DHV12_4fj7A1_ali_4fjnA2_af1  0.969894 0.305100 0.140737 6.056783 0.717870 5.338913 0.881477 12 24
DHV12_4fj7A1_ali_4m45A1_af1  0.979900 0.511374 0.186501 2.420333 0.323558 2.096776 0.866317 12 24
DHV12_4fj9A1_ali_4fjnA2_af1  0.969648 0.308816 0.135980 6.082527 0.555250 5.527277 0.908714 12 24
DHV12_4fj9A1_ali_4m45A1_af1  0.977142 0.528802 0.184961 2.415805 0.327296 2.088509 0.864519 12 24
DHV12_4fjjA1_ali_4fjnA2_af1  0.968551 0.284668 0.127790 6.187061 0.584085 5.602975 0.905596 12 24
DHV12_4fjjA1_ali_4m45A1_af1  0.976360 0.465590 0.172411 2.320334 0.323436 1.996898 0.860608 12 24
DHV12_4fjlA1_ali_4fjnA2_af1  0.975714 0.181166 0.055880 7.412887 0.706516 6.706370 0.904691 12 24
DHV12_4fjnA2_ali_4fj7A1_af1  0.972142 0.305100 0.140737 6.043431 0.451482 5.591949 0.925294 12 24
DHV12_4fjnA2_ali_4fj9A1_af1  0.972261 0.308816 0.135980 6.063727 0.458094 5.605634 0.924453 12 24
DHV12_4fjnA2_ali_4fjjA1_af1  0.972752 0.284668 0.127790 6.170842 0.466480 5.704361 0.924406 12 24
DHV12_4fjnA2_ali_4fjlA1_af1  0.972962 0.181166 0.055880 7.412507 0.588118 6.824389 0.920659 12 24
DHV12_4fjnA2_ali_4fk2A1_af1  0.971823 0.325088 0.141318 5.844808 0.545784 5.299024 0.906621 12 24
DHV12_4fjnA2_ali_4fk4A1_af1  0.971108 0.168575 0.114205 6.478031 0.484799 5.993232 0.925163 12 24
DHV12_4fjnA2_ali_4m3tA1_af1  0.971332 0.276933 0.147906 6.016481 0.429802 5.586679 0.928563 12 24
DHV12_4fjnA2_ali_4m3yA1_af1  0.971226 0.172281 0.068745 6.540076 0.485709 6.054367 0.925733 12 24
DHV12_4fjnA2_ali_4m3zA1_af1  0.971410 0.227363 0.117860 6.207936 0.521488 5.686448 0.915997 12 24
DHV12_4fjnA2_ali_4m45A1_af1  0.969430 0.250700 0.065316 8.169793 0.629009 7.540784 0.923008 12 24
DHV12_4fk2A1_ali_4fjnA2_af1  0.965920 0.325088 0.141318 5.851808 0.646217 5.205591 0.889570 12 24
DHV12_4fk2A1_ali_4m45A1_af1  0.982303 0.552767 0.188096 2.743545 0.347532 2.396013 0.873327 12 24
DHV12_4fk4A1_ali_4fjnA2_af1  0.966897 0.168575 0.114205 6.483603 0.616936 5.866667 0.904847 12 24
DHV12_4fk4A1_ali_4m45A1_af1  0.990281 0.380957 0.154569 2.046989 0.236710 1.810279 0.884362 12 24
DHV12_4m3tA1_ali_4fjnA2_af1  0.968035 0.276933 0.147906 6.027678 0.584679 5.442999 0.903001 12 24
DHV12_4m3tA1_ali_4m45A1_af1  0.984591 0.491348 0.191568 2.497208 0.287695 2.209513 0.884793 12 24
DHV12_4m3yA1_ali_4fjnA2_af1  0.966971 0.172281 0.068745 6.547511 0.612608 5.934903 0.906437 12 24
DHV12_4m3zA1_ali_4fjnA2_af1  0.967150 0.227363 0.117860 6.214769 0.583130 5.631639 0.906170 12 24
DHV12_4m3zA1_ali_4m45A1_af1  0.987818 0.432659 0.158775 2.282742 0.246947 2.035795 0.891820 12 24
DHV12_4m45A1_ali_4fj7A1_af1  0.989162 0.511374 0.186501 2.410466 0.307700 2.102766 0.872348 12 24
DHV12_4m45A1_ali_4fj9A1_af1  0.988895 0.528802 0.184961 2.402644 0.306897 2.095747 0.872267 12 24
DHV12_4m45A1_ali_4fjjA1_af1  0.988994 0.465590 0.172411 2.320474 0.300315 2.020159 0.870580 12 24
DHV12_4m45A1_ali_4fjnA2_af1  0.970439 0.250700 0.065316 8.166837 0.818365 7.348472 0.899794 12 24
DHV12_4m45A1_ali_4fk2A1_af1  0.990584 0.552767 0.188096 2.743867 0.357289 2.386578 0.869786 12 24
DHV12_4m45A1_ali_4fk4A1_af1  0.989337 0.380957 0.154569 2.056491 0.252209 1.804282 0.877359 12 24
DHV12_4m45A1_ali_4m3tA1_af1  0.992239 0.491348 0.191568 2.486500 0.322794 2.163706 0.870182 12 24
DHV12_4m45A1_ali_4m3zA1_af1  0.993010 0.432659 0.158775 2.281870 0.285379 1.996491 0.874936 12 24
DHV13_2pa5A1_ali_4iczA2_af1  0.953247 0.663722 0.322949 2.995957 0.394060 2.601897 0.868470 12 22
DHV13_4ge2A1_ali_4iczA2_af1  0.954516 0.661988 0.240248 2.967168 0.343110 2.624058 0.884365 12 22
DHV13_4ge6B1_ali_4iczA2_af1  0.945406 0.488805 0.371834 2.899719 0.398608 2.501111 0.862536 12 22
DHV13_4iczA2_ali_2pa5A1_af1  0.946480 0.663722 0.322949 2.985993 0.582875 2.403118 0.804797 12 22
DHV13_4iczA2_ali_4ge2A1_af1  0.948666 0.661988 0.240248 2.973756 0.549431 2.424325 0.815240 12 22
DHV13_4iczA2_ali_4ge6B1_af1  0.941206 0.488805 0.371834 2.891850 0.595240 2.296610 0.794166 12 22
DHV14_4jhxA1_ali_4kwtC2_af1  0.780619 1.063703 0.126276 2.763781 0.228841 2.534939 0.917200 12 23
DHV14_4kwtC2_ali_4jhxA1_af1  0.837653 1.063703 0.126276 2.762648 0.249295 2.513353 0.909762 12 23
DHV15_3agnA1_ali_3agoA2_af1  0.886179 0.314630 0.119084 6.972163 0.622522 6.349640 0.910713 12 22
DHV15_3agnA1_ali_3ahwA3_af1  0.931286 0.757393 0.518331 5.837566 0.503262 5.334303 0.913789 12 22
DHV15_3agoA2_ali_3agnA1_af1  0.824854 0.314630 0.119084 6.973926 1.458405 5.515522 0.790878 12 22
DHV15_3agoA2_ali_3ahwA3_af1  0.843776 0.890068 0.414496 4.382060 0.354049 4.028010 0.919205 12 22
DHV15_3ahwA3_ali_3agnA1_af1  0.869723 0.757393 0.518331 5.827808 0.518764 5.309045 0.910985 12 22
DHV15_3ahwA3_ali_3agoA2_af1  0.800727 0.890068 0.414496 4.381582 0.350608 4.030974 0.919981 12 22
DHV16_1a4uB1_ali_1b16B2_af1  0.746778 0.206722 0.142025 2.491236 0.213297 2.277939 0.914381 13 25
DHV16_1a4uB1_ali_1sbyB2_af1  0.732463 0.162451 0.073067 2.413159 0.229467 2.183692 0.904910 13 25
DHV16_1b16B2_ali_1a4uB1_af1  0.771769 0.206722 0.142025 2.477553 0.638651 1.838902 0.742225 13 25
DHV16_1b16B2_ali_1b2lA3_af1  0.937666 0.307193 0.057517 3.269662 0.318665 2.950997 0.902539 13 25
DHV16_1b2lA3_ali_1b16B2_af1  0.890749 0.307193 0.057517 3.280765 0.165134 3.115631 0.949666 13 25
DHV16_1b2lA3_ali_1sbyB2_af1  0.898553 0.327518 0.059954 3.193778 0.196152 2.997625 0.938583 13 25
DHV16_1sbyB2_ali_1a4uB1_af1  0.759455 0.162451 0.073067 2.396989 0.569312 1.827677 0.762489 13 25
DHV16_1sbyB2_ali_1b2lA3_af1  0.934770 0.327518 0.059954 3.175430 0.220422 2.955008 0.930585 13 25
DHV17_3hszA1_ali_3ht0A2_af1  0.960181 0.353351 0.253761 10.277446 1.010841 9.266604 0.901645 13 25
DHV17_3ht0A2_ali_3hszA1_af1  0.968850 0.353351 0.253761 10.323012 0.753041 9.569971 0.927052 13 25
DHV18_3m7wD1_ali_4guiB2_af1  0.939992 0.545850 0.054435 3.703115 0.525157 3.177958 0.858185 13 25
DHV18_3m7wD1_ali_4gujB2_af1  0.944377 0.575918 0.096474 3.828085 0.529634 3.298452 0.861645 13 25
DHV18_3oexB1_ali_4guiB2_af1  0.942813 0.483582 0.068824 3.898052 0.190277 3.707774 0.951187 13 25
DHV18_3oexB1_ali_4gujB2_af1  0.946353 0.440802 0.112769 4.036427 0.224126 3.812300 0.944474 13 25
DHV18_4gfsA1_ali_4guiB2_af1  0.942214 0.531311 0.124488 3.938644 0.236650 3.701993 0.939916 13 25
DHV18_4gfsA1_ali_4gujB2_af1  0.945390 0.544919 0.156979 4.075567 0.271415 3.804152 0.933404 13 25
DHV18_4guiB2_ali_3m7wD1_af1  0.928067 0.545850 0.054435 3.706496 0.487447 3.219049 0.868489 13 25
DHV18_4guiB2_ali_3oexB1_af1  0.935299 0.483582 0.068824 3.900649 0.338815 3.561835 0.913139 13 25
DHV18_4guiB2_ali_4gfsA1_af1  0.934869 0.531311 0.124488 3.939857 0.367600 3.572257 0.906697 13 25
DHV18_4gujB2_ali_3m7wD1_af1  0.934064 0.575918 0.096474 3.827572 0.333957 3.493615 0.912750 13 25
DHV18_4gujB2_ali_3oexB1_af1  0.940689 0.440802 0.112769 4.037518 0.244558 3.792959 0.939429 13 25
DHV18_4gujB2_ali_4gfsA1_af1  0.940160 0.544919 0.156979 4.075300 0.301540 3.773760 0.926008 13 25
DHV19_1dg3A1_ali_1f5nA2_af1  0.932946 0.719533 0.303293 5.068149 0.992932 4.075217 0.804084 13 26
DHV19_1f5nA2_ali_1dg3A1_af1  0.933492 0.719533 0.303293 5.078144 0.961037 4.117106 0.810750 13 26
DHV20_3phgA1_ali_3phhA2_af1  0.898272 0.383396 0.110301 3.223755 0.691334 2.532421 0.785550 13 25
DHV20_3phhA2_ali_3phgA1_af1  0.832160 0.383396 0.110301 3.208227 0.176888 3.031339 0.944864 13 25
DHV21_3d05A1_ali_3d06A2_af1  0.831683 0.110415 0.035625 4.361717 0.280816 4.080901 0.935618 14 27
DHV21_3d06A2_ali_3d05A1_af1  0.869938 0.110415 0.035625 4.365647 0.194590 4.171057 0.955427 14 27
DHV22_3v0dB1_ali_3v0fA2_af1  0.907607 0.239040 0.112472 6.581575 0.615629 5.965946 0.906462 14 28
DHV22_3v0dB1_ali_3v0hB3_af1  0.944117 0.513611 0.326034 9.192199 0.829945 8.362254 0.909712 14 28
DHV22_3v0fA2_ali_3v0dB1_af1  0.922501 0.239040 0.112472 6.577806 0.691017 5.886788 0.894947 14 28
DHV22_3v0fA2_ali_3v0gB1_af1  0.900127 0.388185 0.262434 6.836530 1.066745 5.769785 0.843964 14 28
DHV22_3v0fA2_ali_3v0hB3_af1  0.959616 0.511872 0.340997 9.011966 1.077563 7.934403 0.880430 14 28
DHV22_3v0gB1_ali_3v0fA2_af1  0.889137 0.388185 0.262434 6.836546 0.794039 6.042507 0.883854 14 28
DHV22_3v0gB1_ali_3v0hB3_af1  0.933329 0.312768 0.146726 8.816766 0.879716 7.937049 0.900222 14 28
DHV22_3v0hB3_ali_3v0dB1_af1  0.939927 0.513611 0.326034 9.184869 0.901525 8.283344 0.901847 14 28
DHV22_3v0hB3_ali_3v0fA2_af1  0.960485 0.511872 0.340997 9.012216 0.515539 8.496676 0.942796 14 28
DHV22_3v0hB3_ali_3v0gB1_af1  0.935507 0.312768 0.146726 8.817128 0.640877 8.176250 0.927314 14 28
DHV23_4mxrB1_ali_4myfA2_af1  0.980529 0.219208 0.054994 3.080952 0.244774 2.836178 0.920553 14 27
DHV23_4mxrB1_ali_4mykA2_af1  0.979870 0.194335 0.076011 3.096104 0.258436 2.837669 0.916529 14 27
DHV23_4mxrB1_ali_4mylA2_af1  0.979455 0.268681 0.054502 2.906032 0.235483 2.670550 0.918968 14 27
DHV23_4myfA2_ali_4mxrB1_af1  0.978642 0.219208 0.054994 3.056129 0.335008 2.721121 0.890382 14 27
DHV23_4mykA2_ali_4mxrB1_af1  0.979805 0.194335 0.076011 3.067734 0.297632 2.770102 0.902980 14 27
DHV23_4mylA2_ali_4mxrB1_af1  0.980826 0.268681 0.054502 2.893423 0.294477 2.598946 0.898225 14 27
DHV24_2ce2X1_ali_2cl6X3_af1  0.853456 0.971417 0.495313 2.421241 0.710124 1.711117 0.706711 14 27
DHV24_2ce2X1_ali_2cl7X4_af1  0.846742 0.971228 0.325651 2.168483 0.920318 1.248165 0.575594 14 27
DHV24_2ce2X1_ali_2clcX4_af1  0.820813 0.957466 0.319056 2.052858 0.474079 1.578779 0.769064 14 27
DHV24_2cl0X2_ali_2cl6X3_af1  0.862876 0.656493 0.293060 2.417184 0.568080 1.849104 0.764983 14 27
DHV24_2cl6X3_ali_2ce2X1_af1  0.830007 0.971417 0.495313 2.415648 0.646594 1.769055 0.732331 14 27
DHV24_2cl6X3_ali_2cl0X2_af1  0.920426 0.656493 0.293060 2.416440 0.308011 2.108428 0.872535 14 27
DHV24_2cl6X3_ali_2cl7X4_af1  0.896280 0.356115 0.249085 2.029742 0.311562 1.718180 0.846502 14 27
DHV24_2cl6X3_ali_2clcX4_af1  0.907600 0.348017 0.247876 2.033490 0.291622 1.741868 0.856590 14 27
DHV24_2cl6X3_ali_2evwX4_af1  0.891849 0.259385 0.137020 2.122473 0.280717 1.841756 0.867740 14 27
DHV24_2cl7X4_ali_2ce2X1_af1  0.826699 0.971228 0.325651 2.167309 0.387362 1.779947 0.821270 14 27
DHV24_2cl7X4_ali_2cl6X3_af1  0.840330 0.356115 0.249085 2.025042 0.288476 1.736566 0.857546 14 27
DHV24_2clcX4_ali_2ce2X1_af1  0.793693 0.957466 0.319056 2.047393 0.393050 1.654343 0.808024 14 27
DHV24_2clcX4_ali_2cl6X3_af1  0.849337 0.348017 0.247876 2.034448 0.301350 1.733098 0.851876 14 27
DHV24_2evwX4_ali_2cl6X3_af1  0.807377 0.259385 0.137020 2.111527 0.296773 1.814754 0.859451 14 27
DHV25_1gqyB1_ali_1p31B2_af1  0.949353 0.749209 0.228967 10.349488 0.277774 10.071714 0.973161 14 27
DHV25_1gqyB1_ali_1p3dA2_af1  0.949352 0.678891 0.201606 10.272892 0.246646 10.026246 0.975991 14 27
DHV25_1p31B2_ali_1gqyB1_af1  0.929852 0.749209 0.228967 10.353048 0.402611 9.950437 0.961112 14 27
DHV25_1p3dA2_ali_1gqyB1_af1  0.930061 0.678891 0.201606 10.278418 0.466163 9.812255 0.954646 14 27
DHV26_2rbtX1_ali_2rbuX2_af1  0.920297 0.132513 0.066966 5.282123 0.298303 4.983820 0.943526 15 29
DHV26_2rbtX1_ali_2rbwX3_af1  0.841811 0.207314 0.139787 3.551804 0.536700 3.015103 0.848894 15 29
DHV26_2rbtX1_ali_2rc2X3_af1  0.839437 0.117051 0.050316 3.546657 0.516652 3.030005 0.854327 15 29
DHV26_2rbuX2_ali_2rbtX1_af1  0.914637 0.132513 0.066966 5.287614 0.404401 4.883213 0.923519 15 29
DHV26_2rbuX2_ali_2rbvX1_af1  0.916441 0.151425 0.096375 5.268757 0.398472 4.870286 0.924371 15 29
DHV26_2rbuX2_ali_2rbwX3_af1  0.927057 0.148685 0.082145 2.554171 0.294478 2.259693 0.884707 15 29
DHV26_2rbuX2_ali_2rbxX1_af1  0.909820 0.157258 0.033016 5.369647 0.458271 4.911376 0.914655 15 29
DHV26_2rbuX2_ali_2rbyX1_af1  0.911843 0.130312 0.041965 5.320987 0.407089 4.913898 0.923494 15 29
DHV26_2rbuX2_ali_2rbzX1_af1  0.912048 0.180317 0.052605 5.386831 0.437958 4.948874 0.918698 15 29
DHV26_2rbuX2_ali_2rc0X1_af1  0.909534 0.156678 0.050360 5.374081 0.422215 4.951866 0.921435 15 29
DHV26_2rbuX2_ali_2rc2X3_af1  0.931115 0.106388 0.065691 2.547587 0.311805 2.235782 0.877608 15 29
DHV26_2rbvX1_ali_2rbuX2_af1  0.921361 0.151425 0.096375 5.264390 0.302436 4.961955 0.942551 15 29
DHV26_2rbvX1_ali_2rbwX3_af1  0.841157 0.220559 0.172508 3.538825 0.529086 3.009739 0.850491 15 29
DHV26_2rbvX1_ali_2rc2X3_af1  0.838686 0.097852 0.053155 3.532925 0.508461 3.024464 0.856079 15 29
DHV26_2rbwX3_ali_2rbtX1_af1  0.846404 0.207314 0.139787 3.551633 0.426111 3.125523 0.880024 15 29
DHV26_2rbwX3_ali_2rbuX2_af1  0.941387 0.148685 0.082145 2.550948 0.314770 2.236178 0.876607 15 29
DHV26_2rbwX3_ali_2rbvX1_af1  0.842652 0.220559 0.172508 3.538345 0.430565 3.107779 0.878314 15 29
DHV26_2rbwX3_ali_2rbxX1_af1  0.844917 0.194695 0.091117 3.676753 0.438076 3.238677 0.880852 15 29
DHV26_2rbwX3_ali_2rbyX1_af1  0.846080 0.159741 0.095082 3.593690 0.422160 3.171530 0.882527 15 29
DHV26_2rbwX3_ali_2rbzX1_af1  0.851464 0.211294 0.130550 3.675487 0.427947 3.247539 0.883567 15 29
DHV26_2rbwX3_ali_2rc0X1_af1  0.847589 0.169025 0.097064 3.662826 0.441504 3.221323 0.879464 15 29
DHV26_2rbxX1_ali_2rbuX2_af1  0.920545 0.157258 0.033016 5.365749 0.332486 5.033263 0.938035 15 29
DHV26_2rbxX1_ali_2rbwX3_af1  0.841194 0.194695 0.091117 3.676898 0.532320 3.144578 0.855226 15 29
DHV26_2rbxX1_ali_2rc2X3_af1  0.839135 0.147731 0.052118 3.673705 0.518933 3.154771 0.858744 15 29
DHV26_2rbyX1_ali_2rbuX2_af1  0.918665 0.130312 0.041965 5.317766 0.323871 4.993895 0.939096 15 29
DHV26_2rbyX1_ali_2rbwX3_af1  0.835322 0.159741 0.095082 3.594110 0.541316 3.052794 0.849388 15 29
DHV26_2rbyX1_ali_2rc2X3_af1  0.832950 0.100646 0.047515 3.589558 0.525884 3.063674 0.853496 15 29
DHV26_2rbzX1_ali_2rbuX2_af1  0.921455 0.180317 0.052605 5.382765 0.332479 5.050287 0.938233 15 29
DHV26_2rbzX1_ali_2rbwX3_af1  0.843522 0.211294 0.130550 3.675885 0.530059 3.145826 0.855801 15 29
DHV26_2rbzX1_ali_2rc2X3_af1  0.841427 0.137938 0.035117 3.671409 0.519876 3.151533 0.858399 15 29
DHV26_2rc0X1_ali_2rbuX2_af1  0.917897 0.156678 0.050360 5.370481 0.315212 5.055269 0.941307 15 29
DHV26_2rc0X1_ali_2rbwX3_af1  0.841081 0.169025 0.097064 3.665344 0.545955 3.119388 0.851049 15 29
DHV26_2rc0X1_ali_2rc2X3_af1  0.838838 0.122164 0.056877 3.662400 0.523517 3.138883 0.857056 15 29
DHV26_2rc2X3_ali_2rbtX1_af1  0.846980 0.117051 0.050316 3.544456 0.433393 3.111063 0.877727 15 29
DHV26_2rc2X3_ali_2rbuX2_af1  0.941171 0.106388 0.065691 2.544138 0.304734 2.239404 0.880221 15 29
DHV26_2rc2X3_ali_2rbvX1_af1  0.843449 0.097852 0.053155 3.530428 0.436058 3.094370 0.876486 15 29
DHV26_2rc2X3_ali_2rbxX1_af1  0.845408 0.147731 0.052118 3.670897 0.436723 3.234173 0.881031 15 29
DHV26_2rc2X3_ali_2rbyX1_af1  0.846652 0.100646 0.047515 3.586961 0.425508 3.161453 0.881374 15 29
DHV26_2rc2X3_ali_2rbzX1_af1  0.851884 0.137938 0.035117 3.668712 0.428640 3.240072 0.883163 15 29
DHV26_2rc2X3_ali_2rc0X1_af1  0.848000 0.122164 0.056877 3.657175 0.441684 3.215491 0.879228 15 29
DHV27_5ktaA1_ali_5ktcA2_af1  0.934201 0.652350 0.325151 7.349000 0.270294 7.078706 0.963220 15 30
DHV27_5ktaA1_ali_5ktdA2_af1  0.933038 0.619435 0.277548 7.293140 0.521930 6.771210 0.928435 15 30
DHV27_5ktcA2_ali_5ktaA1_af1  0.942391 0.652350 0.325151 7.337469 0.686945 6.650524 0.906379 15 30
DHV27_5ktdA2_ali_5ktaA1_af1  0.940328 0.619435 0.277548 7.282960 0.553999 6.728961 0.923932 15 30
DHV28_2yjdB2_ali_3omqA2_af1  0.948860 0.553493 0.055470 2.444964 0.251586 2.193378 0.897100 15 26
DHV28_3omqA2_ali_2yjdB2_af1  0.925135 0.553493 0.055470 2.425715 0.302975 2.122740 0.875099 15 26
DHV29_3illA1_ali_3iloA2_af1  0.905956 0.595965 0.157256 4.876948 0.740921 4.136027 0.848077 15 29
DHV29_3iloA2_ali_3illA1_af1  0.893310 0.595965 0.157256 4.890172 0.682505 4.207666 0.860433 15 29
DHV30_2xguA1_ali_2xgyA2_af1  0.979281 0.611015 0.110389 6.957091 0.384073 6.573018 0.944794 15 24
DHV30_2xgyA2_ali_2xguA1_af1  0.979949 0.611015 0.110389 6.966861 0.554873 6.411989 0.920355 15 24
