# Morphing                 Delta0    RmsdA    RmsdI    RmsdF    RmsdD   Motion N_res N_dh
#-----------------------------------------------------------------------------------
DHV01_3iu1B1_ali_3iu2A2_ct1 0.883737 0.213089  3.217150 0.245080  2.972070 0.923821 11 21
DHV01_3iu1B1_ali_3iweA2_ct1 0.893206 0.175424  3.347540 0.408801  2.938739 0.877880 11 21
DHV01_3iu1B1_ali_3jtkA2_ct1 0.899566 0.277397  3.376755 0.396849  2.979906 0.882476 11 21
DHV01_3iu2A2_ali_3iu1B1_ct1 0.901782 0.213089  3.215169 0.350920  2.864249 0.890855 11 21
DHV01_3iweA2_ali_3iu1B1_ct1 0.900430 0.175424  3.349747 0.587438  2.762309 0.824632 11 21
DHV01_3jtkA2_ali_3iu1B1_ct1 0.905882 0.277397  3.374673 0.426406  2.948267 0.873645 11 21
DHV02_4hidA1_ali_4hj7A2_ct1 0.801417 0.480007  2.132650 0.336918  1.795732 0.842019 11 22
DHV02_4hikA1_ali_4hj7A2_ct1 0.818641 0.471227  2.230968 0.298323  1.932646 0.866281 11 22
DHV02_4himA1_ali_4hj7A2_ct1 0.819125 0.459343  2.259152 0.259666  1.999487 0.885061 11 22
DHV02_4hioA1_ali_4hj7A2_ct1 0.816598 0.422461  2.197358 0.329568  1.867790 0.850016 11 22
DHV02_4hj7A2_ali_4hidA1_ct1 0.750104 0.480007  2.132386 0.298873  1.833513 0.859841 11 22
DHV02_4hj7A2_ali_4hikA1_ct1 0.773715 0.471227  2.235097 0.273356  1.961741 0.877698 11 22
DHV02_4hj7A2_ali_4himA1_ct1 0.777187 0.459343  2.259476 0.348830  1.910647 0.845615 11 22
DHV02_4hj7A2_ali_4hioA1_ct1 0.776972 0.422461  2.197108 0.297568  1.899540 0.864564 11 22
DHV02_4hj7A2_ali_4hj9A1_ct1 0.780664 0.390512  2.201658 0.339847  1.861811 0.845640 11 22
DHV02_4hj9A1_ali_4hj7A2_ct1 0.818265 0.390512  2.197880 0.319151  1.878729 0.854791 11 22
DHV03_4kfrB1_ali_4kfuA2_ct1 0.911893 0.959047  4.328420 0.484834  3.843586 0.887988 11 22
DHV03_4kfuA2_ali_4kfrB1_ct1 0.903351 0.959047  4.314613 0.716647  3.597966 0.833902 11 22
DHV04_3waeA1_ali_3wafB2_ct1 0.886536 0.544567  2.969240 0.342714  2.626526 0.884579 11 21
DHV04_3wafB2_ali_3waeA1_ct1 0.894852 0.544567  2.962722 0.833226  2.129496 0.718763 11 21
DHV05_3mp6A1_ali_3mp8A2_ct1 0.931254 0.647946  5.067314 1.380730  3.686583 0.727522 11 20
DHV05_3mp8A2_ali_3mp6A1_ct1 0.930527 0.647946  5.076441 0.994394  4.082047 0.804116 11 20
DHV06_1xbbA1_ali_4fyoA2_ct1 0.959235 0.466736  3.009388 0.562101  2.447287 0.813217 12 24
DHV06_1xbbA1_ali_4i0sA2_ct1 0.963587 0.646163  3.629665 0.705054  2.924611 0.805752 12 24
DHV06_1xbbA1_ali_4i0tA2_ct1 0.971013 0.422884  2.480507 0.252632  2.227875 0.898153 12 24
DHV06_4fyoA2_ali_1xbbA1_ct1 0.965229 0.466736  3.022031 0.523400  2.498632 0.826805 12 24
DHV06_4i0sA2_ali_1xbbA1_ct1 0.967821 0.646163  3.640295 0.653414  2.986880 0.820505 12 24
DHV06_4i0sA2_ali_4i0tA2_ct1 0.945259 0.540487  2.693290 0.478428  2.214862 0.822363 12 24
DHV06_4i0tA2_ali_1xbbA1_ct1 0.975360 0.422884  2.498352 0.338077  2.160275 0.864680 12 24
DHV06_4i0tA2_ali_4i0sA2_ct1 0.960759 0.540487  2.693188 0.351705  2.341484 0.869410 12 24
DHV07_3n4fA1_ali_3qpeD2_ct1 0.919872 0.325573  3.981826 0.266179  3.715647 0.933152 12 24
DHV07_3n4fA1_ali_3vccA2_ct1 0.918022 0.418961  3.981576 0.307335  3.674241 0.922811 12 24
DHV07_3qpeD2_ali_3n4fA1_ct1 0.924774 0.325573  3.982809 0.257045  3.725764 0.935461 12 24
DHV07_3vccA2_ali_3n4fA1_ct1 0.924542 0.418961  3.971333 0.286635  3.684698 0.927824 12 24
DHV08_2vovA1_ali_2voxA2_ct1 0.874660 0.533165  2.907658 0.356420  2.551238 0.877420 12 23
DHV08_2voxA2_ali_2vovA1_ct1 0.882793 0.533165  2.900682 0.355819  2.544864 0.877333 12 23
DHV09_2q9fA1_ali_3mdmA2_ct1 0.908259 0.884362  4.591401 0.756507  3.834895 0.835234 12 23
DHV09_3mdmA2_ali_2q9fA1_ct1 0.861046 0.884362  4.579830 1.150858  3.428972 0.748712 12 23
DHV10_3irsC1_ali_3k4wL2_ct1 0.920647 0.916164  4.191274 0.716906  3.474368 0.828953 12 24
DHV10_3k4wL2_ali_3irsC1_ct1 0.928248 0.916164  4.153793 0.707086  3.446707 0.829773 12 24
DHV11_3gnoA1_ali_3gnpA1_ct1 0.904035 0.207915  4.061419 0.209059  3.852360 0.948525 13 26
DHV11_3gnpA1_ali_3gnoA1_ct1 0.921693 0.207915  4.056315 0.697389  3.358926 0.828073 13 26
DHV11_3gnpA1_ali_3gnrA2_ct1 0.921927 0.252440  3.974837 0.673249  3.301588 0.830622 13 26
DHV11_3gnrA2_ali_3gnpA1_ct1 0.900143 0.252440  3.978421 0.247088  3.731333 0.937893 13 26
DHV12_4fj7A1_ali_4fjnA2_ct1 0.972476 0.232400  7.026141 0.762147  6.263994 0.891527 13 26
DHV12_4fj9A1_ali_4fjnA2_ct1 0.971931 0.242435  7.122063 0.761515  6.360548 0.893077 13 26
DHV12_4fjjA1_ali_4fjnA2_ct1 0.970845 0.226004  7.095034 0.873289  6.221745 0.876916 13 26
DHV12_4fjlA1_ali_4fjnA2_ct1 0.975509 0.141538  6.638989 0.607781  6.031209 0.908453 13 26
DHV12_4fjnA2_ali_4fj7A1_ct1 0.972995 0.232400  7.010909 0.676777  6.334131 0.903468 13 26
DHV12_4fjnA2_ali_4fj9A1_ct1 0.973092 0.242435  7.106121 0.839781  6.266340 0.881823 13 26
DHV12_4fjnA2_ali_4fjjA1_ct1 0.973007 0.226004  7.076915 0.676726  6.400188 0.904375 13 26
DHV12_4fjnA2_ali_4fjlA1_ct1 0.972663 0.141538  6.635077 0.464644  6.170432 0.929972 13 26
DHV12_4fjnA2_ali_4fk2A1_ct1 0.973571 0.269814  7.139023 0.830105  6.308918 0.883723 13 26
DHV12_4fjnA2_ali_4fk4A1_ct1 0.972281 0.151681  6.999216 0.870322  6.128894 0.875654 13 26
DHV12_4fjnA2_ali_4m3tA1_ct1 0.972596 0.210396  7.037186 0.676668  6.360518 0.903844 13 26
DHV12_4fjnA2_ali_4m3yA1_ct1 0.972013 0.127099  7.063805 0.654426  6.409379 0.907355 13 26
DHV12_4fjnA2_ali_4m3zA1_ct1 0.972342 0.166780  7.101271 0.855096  6.246175 0.879586 13 26
DHV12_4fjnA2_ali_4m45A1_ct1 0.968553 0.183242  7.014358 0.505346  6.509012 0.927956 13 26
DHV12_4fk2A1_ali_4fjnA2_ct1 0.970606 0.269814  7.157482 0.871605  6.285877 0.878225 13 26
DHV12_4fk4A1_ali_4fjnA2_ct1 0.968600 0.151681  7.020389 0.647606  6.372783 0.907753 13 26
DHV12_4m3tA1_ali_4fjnA2_ct1 0.971151 0.210396  7.054654 0.865508  6.189146 0.877314 13 26
DHV12_4m3yA1_ali_4fjnA2_ct1 0.968446 0.127099  7.083155 0.707581  6.375575 0.900104 13 26
DHV12_4m3zA1_ali_4fjnA2_ct1 0.969624 0.166780  7.128447 0.737672  6.390775 0.896517 13 26
DHV12_4m45A1_ali_4fjnA2_ct1 0.969205 0.183242  7.029048 0.574685  6.454364 0.918242 13 26
DHV13_2pa5A1_ali_4iczA2_ct1 0.951859 0.562627  3.209646 0.439430  2.770216 0.863091 13 24
DHV13_4ge2A1_ali_4iczA2_ct1 0.951968 0.522856  3.249276 0.461468  2.787807 0.857978 13 24
DHV13_4ge6B1_ali_4iczA2_ct1 0.952564 0.443335  2.993695 0.382203  2.611493 0.872331 13 24
DHV13_4iczA2_ali_2pa5A1_ct1 0.951423 0.562627  3.212421 0.775682  2.436739 0.758537 13 24
DHV13_4iczA2_ali_4ge2A1_ct1 0.952118 0.522856  3.252080 0.770329  2.481752 0.763127 13 24
DHV13_4iczA2_ali_4ge6B1_ct1 0.956043 0.443335  2.984712 0.538256  2.446457 0.819663 13 24
DHV14_4jhxA1_ali_4kwtC2_ct1 0.736759 1.001457  2.749457 0.594263  2.155195 0.783862 13 25
DHV14_4kwtC2_ali_4jhxA1_ct1 0.814364 1.001457  2.751836 0.678630  2.073206 0.753390 13 25
DHV15_3agnA1_ali_3agoA2_ct1 0.892425 0.243784  6.896979 0.563833  6.333146 0.918249 13 24
DHV15_3agnA1_ali_3ahwA3_ct1 0.925686 0.626736  5.301896 0.458678  4.843218 0.913488 13 24
DHV15_3agoA2_ali_3agnA1_ct1 0.830180 0.243784  6.898688 1.377178  5.521511 0.800371 13 24
DHV15_3agoA2_ali_3ahwA3_ct1 0.880124 0.677282  5.115312 0.388767  4.726544 0.923999 13 24
DHV15_3ahwA3_ali_3agnA1_ct1 0.868531 0.626736  5.294945 0.470329  4.824616 0.911174 13 24
DHV15_3ahwA3_ali_3agoA2_ct1 0.846490 0.677282  5.120632 0.455598  4.665033 0.911027 13 24
DHV16_1a4uB1_ali_1b16B2_ct1 0.750914 0.253127  2.386981 0.172823  2.214159 0.927598 14 27
DHV16_1a4uB1_ali_1sbyB2_ct1 0.736992 0.193596  2.333868 0.215094  2.118775 0.907838 14 27
DHV16_1b16B2_ali_1a4uB1_ct1 0.776878 0.253127  2.375479 0.588236  1.787243 0.752371 14 27
DHV16_1b16B2_ali_1b2lA3_ct1 0.933131 0.312901  3.055281 0.291178  2.764102 0.904697 14 27
DHV16_1b2lA3_ali_1b16B2_ct1 0.883324 0.312901  3.064067 0.175841  2.888227 0.942612 14 27
DHV16_1b2lA3_ali_1sbyB2_ct1 0.890548 0.349526  2.961563 0.180438  2.781125 0.939073 14 27
DHV16_1sbyB2_ali_1a4uB1_ct1 0.762744 0.193596  2.318390 0.546589  1.771801 0.764238 14 27
DHV16_1sbyB2_ali_1b2lA3_ct1 0.928258 0.349526  2.944967 0.200616  2.744350 0.931878 14 27
DHV17_3hszA1_ali_3ht0A2_ct1 0.959798 0.351058 10.870457 0.821069 10.049387 0.924468 14 27
DHV17_3ht0A2_ali_3hszA1_ct1 0.969868 0.351058 10.910159 0.750804 10.159355 0.931183 14 27
DHV18_3m7wD1_ali_4guiB2_ct1 0.947493 0.730908  4.205009 0.548781  3.656228 0.869494 14 27
DHV18_3m7wD1_ali_4gujB2_ct1 0.947717 0.720429  4.194570 0.544115  3.650454 0.870281 14 27
DHV18_3oexB1_ali_4guiB2_ct1 0.951425 0.519976  4.381879 0.261377  4.120502 0.940350 14 27
DHV18_3oexB1_ali_4gujB2_ct1 0.951515 0.478742  4.371286 0.236470  4.134816 0.945904 14 27
DHV18_4gfsA1_ali_4guiB2_ct1 0.948268 0.534105  4.381630 0.306043  4.075587 0.930153 14 27
DHV18_4gfsA1_ali_4gujB2_ct1 0.948071 0.520748  4.377153 0.304741  4.072412 0.930379 14 27
DHV18_4guiB2_ali_3m7wD1_ct1 0.940402 0.730908  4.207341 0.336129  3.871212 0.920109 14 27
DHV18_4guiB2_ali_3oexB1_ct1 0.946409 0.519976  4.393004 0.508173  3.884831 0.884322 14 27
DHV18_4guiB2_ali_4gfsA1_ct1 0.944460 0.534105  4.378698 0.536972  3.841726 0.877367 14 27
DHV18_4gujB2_ali_3m7wD1_ct1 0.942110 0.720429  4.195443 0.492666  3.702777 0.882571 14 27
DHV18_4gujB2_ali_3oexB1_ct1 0.948477 0.478742  4.380339 0.501074  3.879265 0.885608 14 27
DHV18_4gujB2_ali_4gfsA1_ct1 0.946342 0.520748  4.373872 0.532115  3.841757 0.878342 14 27
DHV19_1dg3A1_ali_1f5nA2_ct1 0.944253 0.866016  5.181705 0.806199  4.375506 0.844414 14 28
DHV19_1f5nA2_ali_1dg3A1_ct1 0.939114 0.866016  5.187269 0.955069  4.232200 0.815882 14 28
DHV20_3phgA1_ali_3phhA2_ct1 0.898853 0.377835  3.028562 0.673697  2.354865 0.777552 14 27
DHV20_3phhA2_ali_3phgA1_ct1 0.823703 0.377835  3.021270 0.150520  2.870749 0.950180 14 27
DHV21_3d05A1_ali_3d06A2_ct1 0.824578 0.098212  4.123617 0.436999  3.686618 0.894025 15 29
DHV21_3d06A2_ali_3d05A1_ct1 0.864557 0.098212  4.120848 0.201372  3.919475 0.951133 15 29
DHV22_3v0dB1_ali_3v0fA2_ct1 0.910234 0.213115  6.575052 0.674806  5.900247 0.897369 15 30
DHV22_3v0dB1_ali_3v0hB3_ct1 0.940606 0.425072  8.325763 0.737463  7.588300 0.911424 15 30
DHV22_3v0fA2_ali_3v0dB1_ct1 0.924137 0.213115  6.570714 0.667860  5.902854 0.898358 15 30
DHV22_3v0fA2_ali_3v0gB1_ct1 0.904973 0.385940  6.960054 0.660588  6.299466 0.905089 15 30
DHV22_3v0fA2_ali_3v0hB3_ct1 0.952225 0.443759  8.361021 1.068416  7.292604 0.872215 15 30
DHV22_3v0gB1_ali_3v0fA2_ct1 0.895930 0.385940  6.961400 0.801090  6.160310 0.884924 15 30
DHV22_3v0gB1_ali_3v0hB3_ct1 0.931207 0.300067  8.200556 0.716709  7.483847 0.912602 15 30
DHV22_3v0hB3_ali_3v0dB1_ct1 0.936777 0.425072  8.320082 0.794142  7.525940 0.904551 15 30
DHV22_3v0hB3_ali_3v0fA2_ct1 0.958121 0.443759  8.361365 0.628969  7.732397 0.924777 15 30
DHV22_3v0hB3_ali_3v0gB1_ct1 0.933216 0.300067  8.202097 0.611690  7.590407 0.925423 15 30
DHV23_4mxrB1_ali_4myfA2_ct1 0.977897 0.262604  2.765484 0.243830  2.521654 0.911831 15 29
DHV23_4mxrB1_ali_4mykA2_ct1 0.977136 0.259122  2.730434 0.240501  2.489933 0.911919 15 29
DHV23_4mxrB1_ali_4mylA2_ct1 0.977606 0.294393  2.708109 0.253119  2.454990 0.906533 15 29
DHV23_4myfA2_ali_4mxrB1_ct1 0.976638 0.262604  2.738581 0.341064  2.397518 0.875460 15 29
DHV23_4mykA2_ali_4mxrB1_ct1 0.978182 0.259122  2.703574 0.289201  2.414373 0.893030 15 29
DHV23_4mylA2_ali_4mxrB1_ct1 0.979129 0.294393  2.698016 0.307555  2.390461 0.886007 15 29
DHV24_2ce2X1_ali_2cl6X3_ct1 0.871098 0.904098  2.363621 0.585832  1.777788 0.752146 15 29
DHV24_2cl0X2_ali_2cl6X3_ct1 0.851601 0.522598  2.276531 0.595028  1.681503 0.738625 15 29
DHV24_2cl6X3_ali_2ce2X1_ct1 0.856137 0.904098  2.358963 0.552316  1.806647 0.765865 15 29
DHV24_2cl6X3_ali_2cl0X2_ct1 0.919383 0.522598  2.277131 0.394050  1.883081 0.826953 15 29
DHV24_2cl6X3_ali_2evwX4_ct1 0.900101 0.400625  2.023144 0.288935  1.734208 0.857185 15 29
DHV24_2evwX4_ali_2cl6X3_ct1 0.798641 0.400625  2.025671 0.204053  1.821617 0.899266 15 29
DHV25_1gqyB1_ali_1p31B2_ct1 0.944513 0.466219  9.183907 0.273341  8.910565 0.970237 15 29
DHV25_1gqyB1_ali_1p3dA2_ct1 0.945945 0.479237  9.219567 0.295509  8.924059 0.967948 15 29
DHV25_1p31B2_ali_1gqyB1_ct1 0.927204 0.466219  9.171709 1.614684  7.557025 0.823950 15 29
DHV25_1p3dA2_ali_1gqyB1_ct1 0.927993 0.479237  9.207832 1.615368  7.592464 0.824566 15 29
DHV26_2rbtX1_ali_2rbuX2_ct1 0.919065 0.091283  5.062171 0.295054  4.767118 0.941714 16 31
DHV26_2rbtX1_ali_2rbwX3_ct1 0.834646 0.194356  3.365121 0.523223  2.841898 0.844516 16 31
DHV26_2rbtX1_ali_2rc2X3_ct1 0.835372 0.124114  3.390734 0.495427  2.895307 0.853888 16 31
DHV26_2rbuX2_ali_2rbtX1_ct1 0.912479 0.091283  5.067965 0.391511  4.676454 0.922748 16 31
DHV26_2rbuX2_ali_2rbvX1_ct1 0.914139 0.092558  5.049146 0.381856  4.667290 0.924372 16 31
DHV26_2rbuX2_ali_2rbwX3_ct1 0.925744 0.174961  2.456944 0.297215  2.159728 0.879031 16 31
DHV26_2rbuX2_ali_2rbxX1_ct1 0.907149 0.111373  5.128564 0.444078  4.684486 0.913411 16 31
DHV26_2rbuX2_ali_2rbyX1_ct1 0.909557 0.093338  5.099927 0.397362  4.702565 0.922085 16 31
DHV26_2rbuX2_ali_2rbzX1_ct1 0.908967 0.154987  5.149060 0.429900  4.719161 0.916509 16 31
DHV26_2rbuX2_ali_2rc0X1_ct1 0.906928 0.126630  5.139598 0.413244  4.726354 0.919596 16 31
DHV26_2rbuX2_ali_2rc2X3_ct1 0.928184 0.120956  2.414943 0.305936  2.109007 0.873315 16 31
DHV26_2rbvX1_ali_2rbuX2_ct1 0.920086 0.092558  5.044568 0.293458  4.751110 0.941827 16 31
DHV26_2rbvX1_ali_2rbwX3_ct1 0.834140 0.186272  3.354966 0.513009  2.841956 0.847089 16 31
DHV26_2rbvX1_ali_2rc2X3_ct1 0.834823 0.105195  3.380401 0.490625  2.889777 0.854862 16 31
DHV26_2rbwX3_ali_2rbtX1_ct1 0.840190 0.194356  3.366785 0.408511  2.958273 0.878664 16 31
DHV26_2rbwX3_ali_2rbuX2_ct1 0.940650 0.174961  2.449322 0.317067  2.132255 0.870549 16 31
DHV26_2rbwX3_ali_2rbvX1_ct1 0.836445 0.186272  3.355592 0.410663  2.944929 0.877618 16 31
DHV26_2rbwX3_ali_2rbxX1_ct1 0.837209 0.186311  3.471509 0.393587  3.077923 0.886624 16 31
DHV26_2rbwX3_ali_2rbyX1_ct1 0.839541 0.141207  3.409586 0.406863  3.002723 0.880671 16 31
DHV26_2rbwX3_ali_2rbzX1_ct1 0.843268 0.212613  3.469373 0.416520  3.052853 0.879944 16 31
DHV26_2rbwX3_ali_2rc0X1_ct1 0.840307 0.137642  3.464867 0.423344  3.041523 0.877818 16 31
DHV26_2rbxX1_ali_2rbuX2_ct1 0.918834 0.111373  5.125098 0.335557  4.789540 0.934527 16 31
DHV26_2rbxX1_ali_2rbwX3_ct1 0.832964 0.186311  3.472986 0.518468  2.954518 0.850714 16 31
DHV26_2rbxX1_ali_2rc2X3_ct1 0.833828 0.153806  3.499748 0.504022  2.995726 0.855983 16 31
DHV26_2rbyX1_ali_2rbuX2_ct1 0.917088 0.093338  5.097433 0.325012  4.772421 0.936240 16 31
DHV26_2rbyX1_ali_2rbwX3_ct1 0.828143 0.141207  3.411064 0.526404  2.884660 0.845677 16 31
DHV26_2rbyX1_ali_2rc2X3_ct1 0.828829 0.096309  3.436636 0.500176  2.936460 0.854458 16 31
DHV26_2rbzX1_ali_2rbuX2_ct1 0.919328 0.154987  5.145806 0.333972  4.811833 0.935098 16 31
DHV26_2rbzX1_ali_2rbwX3_ct1 0.834866 0.212613  3.471019 0.512445  2.958574 0.852365 16 31
DHV26_2rbzX1_ali_2rc2X3_ct1 0.835645 0.155805  3.497345 0.501967  2.995378 0.856472 16 31
DHV26_2rc0X1_ali_2rbuX2_ct1 0.916079 0.126630  5.136485 0.316055  4.820430 0.938469 16 31
DHV26_2rc0X1_ali_2rbwX3_ct1 0.833384 0.137642  3.467505 0.527553  2.939951 0.847858 16 31
DHV26_2rc0X1_ali_2rc2X3_ct1 0.834033 0.110128  3.494368 0.505634  2.988734 0.855300 16 31
DHV26_2rc2X3_ali_2rbtX1_ct1 0.843599 0.124114  3.391786 0.414417  2.977369 0.877817 16 31
DHV26_2rc2X3_ali_2rbuX2_ct1 0.938920 0.120956  2.411341 0.300700  2.110641 0.875298 16 31
DHV26_2rc2X3_ali_2rbvX1_ct1 0.840207 0.105195  3.380296 0.418105  2.962191 0.876311 16 31
DHV26_2rc2X3_ali_2rbxX1_ct1 0.840435 0.153806  3.497293 0.420142  3.077151 0.879867 16 31
DHV26_2rc2X3_ali_2rbyX1_ct1 0.842890 0.096309  3.434566 0.409186  3.025379 0.880862 16 31
DHV26_2rc2X3_ali_2rbzX1_ct1 0.846353 0.155805  3.494851 0.417643  3.077208 0.880498 16 31
DHV26_2rc2X3_ali_2rc0X1_ct1 0.843397 0.110128  3.490900 0.421738  3.069162 0.879189 16 31
DHV27_5ktaA1_ali_5ktcA2_ct1 0.940293 0.634081  7.260104 0.356841  6.903263 0.950849 16 32
DHV27_5ktaA1_ali_5ktdA2_ct1 0.939939 0.594756  7.242747 0.297830  6.944918 0.958879 16 32
DHV27_5ktcA2_ali_5ktaA1_ct1 0.942121 0.634081  7.251116 0.410033  6.841083 0.943452 16 32
DHV27_5ktdA2_ali_5ktaA1_ct1 0.940640 0.594756  7.237379 0.405614  6.831765 0.943956 16 32
DHV28_2yjdB2_ali_3omqA2_ct1 0.930048 0.492830  2.111549 0.321322  1.790227 0.847827 16 28
DHV28_3omqA2_ali_2yjdB2_ct1 0.902125 0.492830  2.100204 0.360878  1.739325 0.828170 16 28
DHV29_3illA1_ali_3iloA2_ct1 0.900913 0.547319  4.620344 0.687975  3.932369 0.851099 16 31
DHV29_3iloA2_ali_3illA1_ct1 0.891062 0.547319  4.633182 0.598663  4.034519 0.870788 16 31
DHV30_2xguA1_ali_2xgyA2_ct1 0.977076 0.695403  7.378339 0.570657  6.807682 0.922658 16 26
DHV30_2xgyA2_ali_2xguA1_ct1 0.978627 0.695403  7.382687 0.787456  6.595231 0.893338 16 26
#-----------------------------------------------------------------------------------
#Avg(182):                  0.904528 0.374545  4.499311 0.511663  3.987648 0.877768 14 27
#Sig(182):                  0.059700 0.228512  1.990208 0.247897  1.867078 0.050220  2  3
#Med(182):                  0.919628 0.325573  3.979998 0.460073  3.437839 0.880221 14 27
