# Morphing                 Delta0    RmsdA    RmsdI    RmsdF    RmsdD   Motion N_res N_dh
#----------------------------------------------------------------------------------
DHV01_3iu1B1_ali_3iu2A2_bt1 0.895065 0.167394  3.075830 0.318016 2.757815 0.896608 12 23
DHV01_3iu1B1_ali_3iweA2_bt1 0.905269 0.144266  3.200089 0.315330 2.884759 0.901462 12 23
DHV01_3iu1B1_ali_3jtkA2_bt1 0.906445 0.228151  3.230988 0.217223 3.013765 0.932769 12 23
DHV01_3iu2A2_ali_3iu1B1_bt1 0.904000 0.167394  3.078645 0.531117 2.547529 0.827484 12 23
DHV01_3iweA2_ali_3iu1B1_bt1 0.905157 0.144266  3.209397 0.576187 2.633210 0.820469 12 23
DHV01_3jtkA2_ali_3iu1B1_bt1 0.908651 0.228151  3.235701 0.218435 3.017266 0.932492 12 23
DHV02_4hidA1_ali_4hj7A2_bt1 0.809651 0.394471  2.047959 0.368069 1.679890 0.820275 12 24
DHV02_4hikA1_ali_4hj7A2_bt1 0.838952 0.426499  2.142995 0.345868 1.797127 0.838605 12 24
DHV02_4himA1_ali_4hj7A2_bt1 0.839840 0.433608  2.168347 0.261762 1.906585 0.879280 12 24
DHV02_4hioA1_ali_4hj7A2_bt1 0.825985 0.312087  2.111456 0.352867 1.758589 0.832880 12 24
DHV02_4hj7A2_ali_4hidA1_bt1 0.755906 0.394471  2.052568 0.332840 1.719728 0.837842 12 24
DHV02_4hj7A2_ali_4hikA1_bt1 0.787092 0.426499  2.146256 0.225335 1.920921 0.895010 12 24
DHV02_4hj7A2_ali_4himA1_bt1 0.790831 0.433608  2.170911 0.270187 1.900724 0.875542 12 24
DHV02_4hj7A2_ali_4hioA1_bt1 0.784740 0.312087  2.111863 0.327822 1.784041 0.844771 12 24
DHV02_4hj7A2_ali_4hj9A1_bt1 0.792634 0.349605  2.114134 0.252502 1.861632 0.880565 12 24
DHV02_4hj9A1_ali_4hj7A2_bt1 0.841063 0.349605  2.109463 0.311406 1.798057 0.852377 12 24
DHV03_4kfrB1_ali_4kfuA2_bt1 0.924058 0.979831  4.144333 0.497335 3.646998 0.879996 12 24
DHV03_4kfuA2_ali_4kfrB1_bt1 0.912000 0.979831  4.136322 0.722216 3.414105 0.825397 12 24
DHV04_3waeA1_ali_3wafB2_bt1 0.888459 0.546028  2.849622 0.951831 1.897791 0.665980 12 23
DHV04_3wafB2_ali_3waeA1_bt1 0.893356 0.546028  2.842728 0.817029 2.025699 0.712590 12 23
DHV05_3mp6A1_ali_3mp8A2_bt1 0.934530 0.643121  4.859452 1.161143 3.698309 0.761055 12 22
DHV05_3mp8A2_ali_3mp6A1_bt1 0.935063 0.643121  4.861166 0.873415 3.987751 0.820328 12 22
DHV06_1xbbA1_ali_4fyoA2_bt1 0.967750 0.480558  2.893616 0.500395 2.393221 0.827069 13 26
DHV06_1xbbA1_ali_4i0sA2_bt1 0.972817 0.613958  3.490674 0.633423 2.857251 0.818539 13 26
DHV06_1xbbA1_ali_4i0tA2_bt1 0.974055 0.454500  2.387948 0.219067 2.168881 0.908261 13 26
DHV06_4fyoA2_ali_1xbbA1_bt1 0.971060 0.480558  2.906053 0.379085 2.526968 0.869553 13 26
DHV06_4fyoA2_ali_4i0tA2_bt1 0.913936 0.316318  1.912537 0.712211 1.200326 0.627609 13 26
DHV06_4i0sA2_ali_1xbbA1_bt1 0.976662 0.613958  3.500737 0.454943 3.045794 0.870044 13 26
DHV06_4i0sA2_ali_4i0tA2_bt1 0.949978 0.541175  2.592098 0.408089 2.184009 0.842564 13 26
DHV06_4i0tA2_ali_1xbbA1_bt1 0.979194 0.454500  2.402323 0.221419 2.180904 0.907831 13 26
DHV06_4i0tA2_ali_4fyoA2_bt1 0.943135 0.316318  1.915629 0.216518 1.699111 0.886973 13 26
DHV06_4i0tA2_ali_4i0sA2_bt1 0.965272 0.541175  2.588488 0.305266 2.283222 0.882068 13 26
DHV07_3n4fA1_ali_3qpeD2_bt1 0.923801 0.312244  3.826429 0.247193 3.579236 0.935399 13 26
DHV07_3n4fA1_ali_3vccA2_bt1 0.923011 0.419324  3.826169 0.267078 3.559091 0.930197 13 26
DHV07_3qpeD2_ali_3n4fA1_bt1 0.925383 0.312244  3.823172 0.225572 3.597600 0.940999 13 26
DHV07_3vccA2_ali_3n4fA1_bt1 0.925650 0.419324  3.819823 0.222792 3.597031 0.941675 13 26
DHV08_2vovA1_ali_2voxA2_bt1 0.872400 0.501583  2.800992 0.393804 2.407188 0.859405 13 25
DHV08_2voxA2_ali_2vovA1_bt1 0.880757 0.501583  2.791419 0.391032 2.400387 0.859916 13 25
DHV09_2q9fA1_ali_3mdmA2_bt1 0.914386 0.928582  4.417613 0.532835 3.884777 0.879384 13 25
DHV09_3mdmA2_ali_2q9fA1_bt1 0.866123 0.928582  4.404975 0.810533 3.594442 0.815996 13 25
DHV10_3irsC1_ali_3k4wL2_bt1 0.921280 0.789745  4.037791 0.747744 3.290047 0.814813 13 26
DHV10_3k4wL2_ali_3irsC1_bt1 0.928899 0.789745  3.997883 0.597394 3.400489 0.850572 13 26
DHV11_3gnoA1_ali_3gnpA1_bt1 0.904102 0.188884  3.913950 0.194107 3.719843 0.950406 14 28
DHV11_3gnpA1_ali_3gnoA1_bt1 0.922505 0.188884  3.909041 0.671714 3.237328 0.828164 14 28
DHV11_3gnpA1_ali_3gnrA2_bt1 0.922922 0.218483  3.830849 0.647619 3.183230 0.830946 14 28
DHV11_3gnrA2_ali_3gnpA1_bt1 0.900364 0.218483  3.832649 0.229230 3.603418 0.940190 14 28
DHV12_4fj7A1_ali_4fjnA2_bt1 0.974530 0.124662  6.773433 0.392173 6.381260 0.942101 14 28
DHV12_4fj9A1_ali_4fjnA2_bt1 0.974563 0.130232  6.866322 0.374602 6.491720 0.945444 14 28
DHV12_4fjjA1_ali_4fjnA2_bt1 0.973303 0.165482  6.838362 0.365269 6.473093 0.946585 14 28
DHV12_4fjlA1_ali_4fjnA2_bt1 0.976859 0.092882  6.396707 0.335231 6.061476 0.947593 14 28
DHV12_4fjnA2_ali_4fj7A1_bt1 0.978167 0.124662  6.784820 0.610511 6.174308 0.910018 14 28
DHV12_4fjnA2_ali_4fj9A1_bt1 0.978395 0.130232  6.876012 0.623538 6.252474 0.909317 14 28
DHV12_4fjnA2_ali_4fjjA1_bt1 0.978226 0.165482  6.847582 0.600688 6.246895 0.912277 14 28
DHV12_4fjnA2_ali_4fjlA1_bt1 0.976480 0.092882  6.413263 0.166399 6.246865 0.974054 14 28
DHV12_4fjnA2_ali_4fk2A1_bt1 0.978705 0.162357  6.908876 0.614621 6.294255 0.911039 14 28
DHV12_4fjnA2_ali_4fk4A1_bt1 0.976771 0.105832  6.778703 0.674999 6.103703 0.900424 14 28
DHV12_4fjnA2_ali_4m3tA1_bt1 0.977513 0.115867  6.811498 0.641955 6.169543 0.905754 14 28
DHV12_4fjnA2_ali_4m3yA1_bt1 0.976448 0.055003  6.838990 0.627923 6.211067 0.908185 14 28
DHV12_4fjnA2_ali_4m3zA1_bt1 0.977298 0.077579  6.876146 0.633767 6.242379 0.907831 14 28
DHV12_4fjnA2_ali_4m45A1_bt1 0.971271 0.063804  6.790390 0.609777 6.180613 0.910200 14 28
DHV12_4fk2A1_ali_4fjnA2_bt1 0.972296 0.162357  6.901166 0.380762 6.520403 0.944826 14 28
DHV12_4fk4A1_ali_4fjnA2_bt1 0.970338 0.105832  6.767224 0.305761 6.461462 0.954817 14 28
DHV12_4m3tA1_ali_4fjnA2_bt1 0.973203 0.115867  6.801618 0.372637 6.428981 0.945213 14 28
DHV12_4m3yA1_ali_4fjnA2_bt1 0.970678 0.055003  6.826751 0.397613 6.429138 0.941757 14 28
DHV12_4m3zA1_ali_4fjnA2_bt1 0.971826 0.077579  6.872155 0.285683 6.586472 0.958429 14 28
DHV12_4m45A1_ali_4fjnA2_bt1 0.970464 0.063804  6.774106 0.372794 6.401312 0.944968 14 28
DHV13_2pa5A1_ali_4iczA2_bt1 0.959738 0.411095  3.105048 0.360601 2.744447 0.883866 14 26
DHV13_4ge2A1_ali_4iczA2_bt1 0.959975 0.357997  3.140648 0.383819 2.756830 0.877790 14 26
DHV13_4ge6B1_ali_4iczA2_bt1 0.958541 0.407708  2.886152 0.311466 2.574686 0.892083 14 26
DHV13_4iczA2_ali_2pa5A1_bt1 0.954687 0.411095  3.110258 0.394606 2.715652 0.873128 14 26
DHV13_4iczA2_ali_4ge2A1_bt1 0.955168 0.357997  3.147835 0.388915 2.758920 0.876450 14 26
DHV13_4iczA2_ali_4ge6B1_bt1 0.958719 0.407708  2.883029 0.346218 2.536811 0.879912 14 26
DHV14_4jhxA1_ali_4kwtC2_bt1 0.800384 0.948153  2.658779 0.611358 2.047421 0.770061 14 27
DHV14_4kwtC2_ali_4jhxA1_bt1 0.838816 0.948153  2.654114 0.591151 2.062963 0.777270 14 27
DHV15_3agnA1_ali_3agoA2_bt1 0.910672 0.190796  6.645176 0.520975 6.124201 0.921601 14 26
DHV15_3agnA1_ali_3ahwA3_bt1 0.926347 0.663793  5.110746 0.411543 4.699203 0.919475 14 26
DHV15_3agoA2_ali_3agnA1_bt1 0.910351 0.190796  6.647698 0.252374 6.395324 0.962036 14 26
DHV15_3agoA2_ali_3ahwA3_bt1 0.943519 0.688845  4.927867 0.378930 4.548937 0.923105 14 26
DHV15_3ahwA3_ali_3agnA1_bt1 0.887227 0.663793  5.104047 0.377975 4.726072 0.925946 14 26
DHV15_3ahwA3_ali_3agoA2_bt1 0.907750 0.688845  4.928462 0.840503 4.087959 0.829459 14 26
DHV16_1a4uB1_ali_1b16B2_bt1 0.750729 0.245189  2.306639 0.174645 2.131994 0.924286 15 28
DHV16_1a4uB1_ali_1b2lA3_bt1 0.832101 0.397945  1.603959 0.590913 1.013046 0.631591 15 28
DHV16_1a4uB1_ali_1sbyB2_bt1 0.737342 0.191096  2.254888 0.205764 2.049124 0.908748 15 28
DHV16_1b16B2_ali_1a4uB1_bt1 0.776715 0.245189  2.295524 0.570671 1.724853 0.751398 15 28
DHV16_1b16B2_ali_1b2lA3_bt1 0.932918 0.299234  2.951391 0.285275 2.666116 0.903342 15 28
DHV16_1b2lA3_ali_1a4uB1_bt1 0.815704 0.397945  1.601239 0.347354 1.253885 0.783072 15 28
DHV16_1b2lA3_ali_1b16B2_bt1 0.883565 0.299234  2.961799 0.180913 2.780886 0.938918 15 28
DHV16_1b2lA3_ali_1sbyB2_bt1 0.890489 0.345416  2.862478 0.178603 2.683876 0.937606 15 28
DHV16_1sbyB2_ali_1a4uB1_bt1 0.763183 0.191096  2.239115 0.523504 1.715611 0.766200 15 28
DHV16_1sbyB2_ali_1b2lA3_bt1 0.928186 0.345416  2.845565 0.198198 2.647366 0.930348 15 28
DHV17_3hszA1_ali_3ht0A2_bt1 0.962897 0.312484 10.504798 0.713828 9.790970 0.932047 15 29
DHV17_3ht0A2_ali_3hszA1_bt1 0.971202 0.312484 10.541326 0.917618 9.623708 0.912950 15 29
DHV18_3m7wD1_ali_4guiB2_bt1 0.948051 0.730188  4.063509 0.534796 3.528712 0.868391 15 29
DHV18_3m7wD1_ali_4gujB2_bt1 0.948188 0.722655  4.053629 0.531666 3.521964 0.868842 15 29
DHV18_3oexB1_ali_4guiB2_bt1 0.951582 0.501792  4.235795 0.269620 3.966176 0.936347 15 29
DHV18_3oexB1_ali_4gujB2_bt1 0.951701 0.481419  4.225010 0.239066 3.985943 0.943416 15 29
DHV18_4gfsA1_ali_4guiB2_bt1 0.949979 0.529621  4.231697 0.252197 3.979501 0.940403 15 29
DHV18_4gfsA1_ali_4gujB2_bt1 0.949516 0.520175  4.227398 0.265259 3.962139 0.937252 15 29
DHV18_4guiB2_ali_3m7wD1_bt1 0.941230 0.730188  4.065104 0.331010 3.734094 0.918573 15 29
DHV18_4guiB2_ali_3oexB1_bt1 0.947146 0.501792  4.244797 0.383207 3.861590 0.909723 15 29
DHV18_4guiB2_ali_4gfsA1_bt1 0.946279 0.529621  4.230034 0.380060 3.849974 0.910152 15 29
DHV18_4gujB2_ali_3m7wD1_bt1 0.942286 0.722655  4.051764 0.484233 3.567531 0.880488 15 29
DHV18_4gujB2_ali_3oexB1_bt1 0.948655 0.481419  4.230240 0.487156 3.743084 0.884840 15 29
DHV18_4gujB2_ali_4gfsA1_bt1 0.947201 0.520175  4.223277 0.510229 3.713048 0.879186 15 29
DHV19_1dg3A1_ali_1f5nA2_bt1 0.949666 0.866368  5.014600 0.738621 4.275979 0.852706 15 30
DHV19_1f5nA2_ali_1dg3A1_bt1 0.941706 0.866368  5.013135 0.469775 4.543360 0.906291 15 30
DHV20_3phgA1_ali_3phhA2_bt1 0.899415 0.363934  2.923926 0.651616 2.272310 0.777143 15 29
DHV20_3phhA2_ali_3phgA1_bt1 0.824968 0.363934  2.917065 0.140698 2.776368 0.951767 15 29
DHV21_3d05A1_ali_3d06A2_bt1 0.824579 0.097791  3.994079 0.284633 3.709446 0.928736 16 31
DHV21_3d06A2_ali_3d05A1_bt1 0.864600 0.097791  3.995719 0.231887 3.763832 0.941966 16 31
DHV22_3v0dB1_ali_3v0fA2_bt1 0.913152 0.172109  6.363718 0.405160 5.958559 0.936333 16 32
DHV22_3v0dB1_ali_3v0hB3_bt1 0.942266 0.316157  8.062229 0.647160 7.415070 0.919729 16 32
DHV22_3v0fA2_ali_3v0dB1_bt1 0.926305 0.172109  6.360736 0.400485 5.960251 0.937038 16 32
DHV22_3v0fA2_ali_3v0gB1_bt1 0.909885 0.325815  6.738106 0.387255 6.350852 0.942528 16 32
DHV22_3v0fA2_ali_3v0hB3_bt1 0.963106 0.315382  8.095569 0.672777 7.422791 0.916896 16 32
DHV22_3v0gB1_ali_3v0fA2_bt1 0.899843 0.325815  6.735605 0.533180 6.202425 0.920842 16 32
DHV22_3v0gB1_ali_3v0hB3_bt1 0.933267 0.266504  7.940098 0.544286 7.395812 0.931451 16 32
DHV22_3v0hB3_ali_3v0dB1_bt1 0.942420 0.316157  8.057339 0.545802 7.511537 0.932260 16 32
DHV22_3v0hB3_ali_3v0fA2_bt1 0.969388 0.315382  8.098371 0.271401 7.826970 0.966487 16 32
DHV22_3v0hB3_ali_3v0gB1_bt1 0.936704 0.266504  7.941440 0.372252 7.569189 0.953125 16 32
DHV23_4mxrB1_ali_4myfA2_bt1 0.981317 0.250676  2.653769 0.141004 2.512765 0.946866 16 31
DHV23_4mxrB1_ali_4mykA2_bt1 0.980958 0.256658  2.619222 0.129704 2.489518 0.950480 16 31
DHV23_4mxrB1_ali_4mylA2_bt1 0.981080 0.292715  2.587152 0.132448 2.454704 0.948805 16 31
DHV23_4myfA2_ali_4mxrB1_bt1 0.982783 0.250676  2.649385 0.198108 2.451277 0.925225 16 31
DHV23_4mykA2_ali_4mxrB1_bt1 0.983049 0.256658  2.612913 0.161788 2.451125 0.938081 16 31
DHV23_4mylA2_ali_4mxrB1_bt1 0.983969 0.292715  2.613892 0.182533 2.431360 0.930168 16 31
DHV24_2ce2X1_ali_2cl0X2_bt1 0.654636 0.600891  1.596054 0.534009 1.062045 0.665419 16 31
DHV24_2ce2X1_ali_2cl6X3_bt1 0.868619 0.821786  2.295015 0.593023 1.701992 0.741604 16 31
DHV24_2ce2X1_ali_2cl7X4_bt1 0.743165 0.810987  1.618733 0.553248 1.065485 0.658222 16 31
DHV24_2ce2X1_ali_2clcX4_bt1 0.701582 0.788899  1.541418 0.523632 1.017787 0.660292 16 31
DHV24_2ce2X1_ali_2evwX4_bt1 0.679122 0.880642  1.518053 0.444038 1.074015 0.707495 16 31
DHV24_2cl0X2_ali_2ce2X1_bt1 0.680558 0.600891  1.593454 0.230695 1.362758 0.855223 16 31
DHV24_2cl0X2_ali_2cl6X3_bt1 0.858701 0.415539  2.212114 0.541092 1.671021 0.755396 16 31
DHV24_2cl0X2_ali_2cl7X4_bt1 0.936739 0.437911  1.430600 0.324571 1.106029 0.773123 16 31
DHV24_2cl0X2_ali_2clcX4_bt1 0.941894 0.416765  1.303189 0.298071 1.005118 0.771276 16 31
DHV24_2cl0X2_ali_2evwX4_bt1 0.916099 0.528528  1.135976 0.286341 0.849634 0.747934 16 31
DHV24_2cl6X3_ali_2ce2X1_bt1 0.853651 0.821786  2.297488 0.561555 1.735933 0.755579 16 31
DHV24_2cl6X3_ali_2cl0X2_bt1 0.924577 0.415539  2.212746 0.307316 1.905430 0.861115 16 31
DHV24_2cl6X3_ali_2cl7X4_bt1 0.902705 0.278688  1.852016 0.255109 1.596907 0.862253 16 31
DHV24_2cl6X3_ali_2clcX4_bt1 0.916998 0.279161  1.899526 0.234406 1.665120 0.876598 16 31
DHV24_2cl6X3_ali_2evwX4_bt1 0.900228 0.497461  1.960552 0.519045 1.441507 0.735256 16 31
DHV24_2cl7X4_ali_2ce2X1_bt1 0.725705 0.810987  1.618802 0.631786 0.987015 0.609720 16 31
DHV24_2cl7X4_ali_2cl0X2_bt1 0.940570 0.437911  1.428249 0.294784 1.133465 0.793605 16 31
DHV24_2cl7X4_ali_2cl6X3_bt1 0.829859 0.278688  1.847695 0.229691 1.618005 0.875688 16 31
DHV24_2clcX4_ali_2ce2X1_bt1 0.674475 0.788899  1.542443 0.353140 1.189303 0.771052 16 31
DHV24_2clcX4_ali_2cl0X2_bt1 0.939277 0.416765  1.301997 0.260833 1.041164 0.799667 16 31
DHV24_2clcX4_ali_2cl6X3_bt1 0.848770 0.279161  1.904030 0.258303 1.645727 0.864339 16 31
DHV24_2evwX4_ali_2ce2X1_bt1 0.708646 0.880642  1.517004 0.393576 1.123428 0.740557 16 31
DHV24_2evwX4_ali_2cl0X2_bt1 0.919711 0.528528  1.135924 0.230189 0.905735 0.797356 16 31
DHV24_2evwX4_ali_2cl6X3_bt1 0.799021 0.497461  1.962057 0.199293 1.762764 0.898427 16 31
DHV25_1gqyB1_ali_1p31B2_bt1 0.944563 0.476319  8.895288 0.262364 8.632923 0.970505 16 31
DHV25_1gqyB1_ali_1p3dA2_bt1 0.946001 0.492586  8.930017 0.281828 8.648190 0.968440 16 31
DHV25_1p31B2_ali_1gqyB1_bt1 0.927202 0.476319  8.880004 1.554959 7.325045 0.824892 16 31
DHV25_1p3dA2_ali_1gqyB1_bt1 0.927987 0.492586  8.916197 1.571684 7.344512 0.823727 16 31
DHV26_2rbtX1_ali_2rbuX2_bt1 0.919447 0.101285  4.911390 0.285962 4.625428 0.941776 17 33
DHV26_2rbtX1_ali_2rbwX3_bt1 0.835271 0.233779  3.265819 0.491765 2.774054 0.849421 17 33
DHV26_2rbtX1_ali_2rc2X3_bt1 0.835714 0.161413  3.290768 0.481038 2.809731 0.853822 17 33
DHV26_2rbuX2_ali_2rbtX1_bt1 0.912666 0.101285  4.916770 0.377834 4.538937 0.923154 17 33
DHV26_2rbuX2_ali_2rbvX1_bt1 0.914317 0.098618  4.898529 0.369337 4.529191 0.924602 17 33
DHV26_2rbuX2_ali_2rbwX3_bt1 0.926448 0.213377  2.382492 0.286716 2.095776 0.879657 17 33
DHV26_2rbuX2_ali_2rbxX1_bt1 0.907399 0.106835  4.975613 0.430124 4.545489 0.913554 17 33
DHV26_2rbuX2_ali_2rbyX1_bt1 0.909789 0.109929  4.947855 0.384829 4.563025 0.922223 17 33
DHV26_2rbuX2_ali_2rbzX1_bt1 0.909248 0.191775  4.995591 0.414686 4.580905 0.916990 17 33
DHV26_2rbuX2_ali_2rc0X1_bt1 0.907184 0.153477  4.986368 0.398149 4.588219 0.920153 17 33
DHV26_2rbuX2_ali_2rc2X3_bt1 0.928608 0.170338  2.341614 0.293342 2.048272 0.874727 17 33
DHV26_2rbvX1_ali_2rbuX2_bt1 0.920425 0.098618  4.894175 0.283713 4.610462 0.942030 17 33
DHV26_2rbvX1_ali_2rbwX3_bt1 0.834692 0.222964  3.256227 0.482127 2.774100 0.851937 17 33
DHV26_2rbvX1_ali_2rc2X3_bt1 0.835129 0.144696  3.281015 0.471068 2.809947 0.856426 17 33
DHV26_2rbwX3_ali_2rbtX1_bt1 0.840462 0.233779  3.267318 0.393128 2.874190 0.879679 17 33
DHV26_2rbwX3_ali_2rbuX2_bt1 0.940828 0.213377  2.377725 0.293897 2.083828 0.876396 17 33
DHV26_2rbwX3_ali_2rbvX1_bt1 0.836825 0.222964  3.256309 0.395001 2.861308 0.878697 17 33
DHV26_2rbwX3_ali_2rbxX1_bt1 0.837493 0.216819  3.369253 0.402061 2.967192 0.880668 17 33
DHV26_2rbwX3_ali_2rbyX1_bt1 0.840023 0.181275  3.308680 0.389205 2.919476 0.882369 17 33
DHV26_2rbwX3_ali_2rbzX1_bt1 0.843846 0.261115  3.367008 0.397214 2.969794 0.882028 17 33
DHV26_2rbwX3_ali_2rc0X1_bt1 0.840913 0.147751  3.362564 0.403051 2.959513 0.880136 17 33
DHV26_2rbxX1_ali_2rbuX2_bt1 0.919174 0.106835  4.972230 0.324046 4.648184 0.934829 17 33
DHV26_2rbxX1_ali_2rbwX3_bt1 0.833413 0.216819  3.370706 0.500590 2.870116 0.851488 17 33
DHV26_2rbxX1_ali_2rc2X3_bt1 0.834050 0.175743  3.396846 0.486811 2.910034 0.856687 17 33
DHV26_2rbyX1_ali_2rbuX2_bt1 0.917550 0.109929  4.944604 0.317009 4.627594 0.935888 17 33
DHV26_2rbyX1_ali_2rbwX3_bt1 0.828813 0.181275  3.309275 0.496726 2.812549 0.849899 17 33
DHV26_2rbyX1_ali_2rc2X3_bt1 0.829234 0.120806  3.334134 0.484861 2.849273 0.854577 17 33
DHV26_2rbzX1_ali_2rbuX2_bt1 0.919929 0.191775  4.991457 0.325512 4.665946 0.934786 17 33
DHV26_2rbzX1_ali_2rbwX3_bt1 0.835658 0.261115  3.367218 0.497422 2.869796 0.852275 17 33
DHV26_2rbzX1_ali_2rc2X3_bt1 0.836201 0.191678  3.392792 0.490389 2.902403 0.855462 17 33
DHV26_2rc0X1_ali_2rbuX2_bt1 0.916680 0.153477  4.982545 0.306462 4.676083 0.938493 17 33
DHV26_2rc0X1_ali_2rbwX3_bt1 0.834240 0.147751  3.364400 0.493788 2.870612 0.853231 17 33
DHV26_2rc0X1_ali_2rc2X3_bt1 0.834576 0.113377  3.390491 0.488236 2.902255 0.855998 17 33
DHV26_2rc2X3_ali_2rbtX1_bt1 0.843856 0.161413  3.292446 0.402004 2.890441 0.877901 17 33
DHV26_2rc2X3_ali_2rbuX2_bt1 0.939224 0.170338  2.340001 0.287060 2.052941 0.877325 17 33
DHV26_2rc2X3_ali_2rbvX1_bt1 0.840557 0.144696  3.281142 0.404382 2.876760 0.876756 17 33
DHV26_2rc2X3_ali_2rbxX1_bt1 0.840707 0.175743  3.395653 0.807419 2.588234 0.762220 17 33
DHV26_2rc2X3_ali_2rbyX1_bt1 0.843310 0.120806  3.333927 0.396996 2.936932 0.880923 17 33
DHV26_2rc2X3_ali_2rbzX1_bt1 0.846884 0.191678  3.392949 0.403615 2.989333 0.881043 17 33
DHV26_2rc2X3_ali_2rc0X1_bt1 0.843920 0.113377  3.389106 0.409190 2.979916 0.879263 17 33
DHV27_5ktaA1_ali_5ktcA2_bt1 0.940760 0.594432  7.042678 0.322725 6.719953 0.954176 17 34
DHV27_5ktaA1_ali_5ktdA2_bt1 0.940329 0.572557  7.025744 0.330432 6.695312 0.952968 17 34
DHV27_5ktcA2_ali_5ktaA1_bt1 0.942159 0.594432  7.036357 0.403961 6.632396 0.942589 17 34
DHV27_5ktdA2_ali_5ktaA1_bt1 0.940509 0.572557  7.020296 0.407055 6.613241 0.942017 17 34
DHV28_2yjdB2_ali_3omqA2_bt1 0.929369 0.454604  2.052225 0.320583 1.731642 0.843787 17 30
DHV28_3omqA2_ali_2yjdB2_bt1 0.900988 0.454604  2.036302 0.364180 1.672122 0.821156 17 30
DHV29_3illA1_ali_3iloA2_bt1 0.902284 0.544984  4.483276 0.677032 3.806244 0.848987 17 33
DHV29_3iloA2_ali_3illA1_bt1 0.893962 0.544984  4.500189 0.440101 4.060088 0.902204 17 33
DHV30_2xguA1_ali_2xgyA2_bt1 0.980266 0.659455  7.154349 0.461303 6.693046 0.935521 17 28
DHV30_2xgyA2_ali_2xguA1_bt1 0.985589 0.659455  7.168014 0.338676 6.829338 0.952752 17 28
#----------------------------------------------------------------------------------
#Avg(204):                  0.900131 0.370814  4.050084 0.426833 3.623251 0.874700 15 29
#Sig(204):                  0.069995 0.230130  2.013781 0.206265 1.953638 0.071999  2  3
#Med(204):                  0.919579 0.315770  3.379906 0.389060 2.948222 0.881536 15 29
